2.275000000000000000e+04 1.581000000000000000e+04 1.661200000000000000e+04 0.000000000000000000e+00 2.900000000000000000e+01 1.870000000000000000e+02 0.000000000000000000e+00 0.000000000000000000e+00 0.000000000000000000e+00
2.239600000000000000e+04 1.608200000000000000e+04 1.730200000000000000e+04 0.000000000000000000e+00 2.800000000000000000e+01 1.540000000000000000e+02 0.000000000000000000e+00 0.000000000000000000e+00 0.000000000000000000e+00
2.264900000000000000e+04 1.631800000000000000e+04 1.791400000000000000e+04 0.000000000000000000e+00 3.300000000000000000e+01 1.590000000000000000e+02 0.000000000000000000e+00 0.000000000000000000e+00 0.000000000000000000e+00
2.257600000000000000e+04 1.444700000000000000e+04 1.600700000000000000e+04 0.000000000000000000e+00 2.900000000000000000e+01 1.640000000000000000e+02 0.000000000000000000e+00 0.000000000000000000e+00 0.000000000000000000e+00
2.268300000000000000e+04 1.438200000000000000e+04 1.625400000000000000e+04 0.000000000000000000e+00 2.600000000000000000e+01 1.530000000000000000e+02 0.000000000000000000e+00 0.000000000000000000e+00 0.000000000000000000e+00
2.274100000000000000e+04 1.427500000000000000e+04 1.580900000000000000e+04 0.000000000000000000e+00 3.200000000000000000e+01 1.730000000000000000e+02 0.000000000000000000e+00 0.000000000000000000e+00 0.000000000000000000e+00
2.260800000000000000e+04 1.406500000000000000e+04 1.515000000000000000e+04 0.000000000000000000e+00 2.900000000000000000e+01 1.610000000000000000e+02 0.000000000000000000e+00 0.000000000000000000e+00 0.000000000000000000e+00
2.263000000000000000e+04 1.534100000000000000e+04 1.682500000000000000e+04 0.000000000000000000e+00 3.100000000000000000e+01 1.650000000000000000e+02 0.000000000000000000e+00 0.000000000000000000e+00 0.000000000000000000e+00
2.265700000000000000e+04 1.432000000000000000e+04 1.537900000000000000e+04 0.000000000000000000e+00 4.100000000000000000e+01 1.840000000000000000e+02 0.000000000000000000e+00 0.000000000000000000e+00 0.000000000000000000e+00
2.259000000000000000e+04 1.459300000000000000e+04 1.549700000000000000e+04 0.000000000000000000e+00 2.800000000000000000e+01 1.770000000000000000e+02 0.000000000000000000e+00 0.000000000000000000e+00 0.000000000000000000e+00
2.252200000000000000e+04 1.495100000000000000e+04 1.558400000000000000e+04 0.000000000000000000e+00 3.000000000000000000e+01 1.720000000000000000e+02 0.000000000000000000e+00 0.000000000000000000e+00 0.000000000000000000e+00
2.254500000000000000e+04 1.598100000000000000e+04 1.681600000000000000e+04 0.000000000000000000e+00 3.700000000000000000e+01 1.450000000000000000e+02 0.000000000000000000e+00 0.000000000000000000e+00 0.000000000000000000e+00
2.264500000000000000e+04 1.591700000000000000e+04 1.684800000000000000e+04 0.000000000000000000e+00 3.300000000000000000e+01 1.610000000000000000e+02 0.000000000000000000e+00 0.000000000000000000e+00 0.000000000000000000e+00
2.245700000000000000e+04 1.477000000000000000e+04 1.572100000000000000e+04 0.000000000000000000e+00 3.100000000000000000e+01 1.760000000000000000e+02 0.000000000000000000e+00 0.000000000000000000e+00 0.000000000000000000e+00
2.295700000000000000e+04 1.544700000000000000e+04 1.605200000000000000e+04 0.000000000000000000e+00 3.900000000000000000e+01 1.750000000000000000e+02 0.000000000000000000e+00 0.000000000000000000e+00 1.000000000000000000e+00
