2.238000000000000000e+04 1.542300000000000000e+04 1.786700000000000000e+04 0.000000000000000000e+00 1.040000000000000000e+02 9.900000000000000000e+01 0.000000000000000000e+00 0.000000000000000000e+00 0.000000000000000000e+00
2.231600000000000000e+04 1.532300000000000000e+04 1.790900000000000000e+04 0.000000000000000000e+00 1.130000000000000000e+02 9.900000000000000000e+01 0.000000000000000000e+00 0.000000000000000000e+00 0.000000000000000000e+00
2.233000000000000000e+04 1.486900000000000000e+04 1.782400000000000000e+04 0.000000000000000000e+00 1.180000000000000000e+02 9.200000000000000000e+01 0.000000000000000000e+00 0.000000000000000000e+00 0.000000000000000000e+00
2.257400000000000000e+04 1.551600000000000000e+04 1.785800000000000000e+04 0.000000000000000000e+00 1.380000000000000000e+02 8.500000000000000000e+01 0.000000000000000000e+00 0.000000000000000000e+00 0.000000000000000000e+00
2.275400000000000000e+04 1.539800000000000000e+04 1.804100000000000000e+04 0.000000000000000000e+00 1.240000000000000000e+02 8.900000000000000000e+01 0.000000000000000000e+00 0.000000000000000000e+00 0.000000000000000000e+00
2.276200000000000000e+04 1.557600000000000000e+04 1.818300000000000000e+04 0.000000000000000000e+00 1.100000000000000000e+02 8.700000000000000000e+01 0.000000000000000000e+00 0.000000000000000000e+00 0.000000000000000000e+00
2.228200000000000000e+04 1.577800000000000000e+04 1.813200000000000000e+04 0.000000000000000000e+00 1.170000000000000000e+02 9.500000000000000000e+01 0.000000000000000000e+00 0.000000000000000000e+00 0.000000000000000000e+00
2.276400000000000000e+04 1.560400000000000000e+04 1.821800000000000000e+04 0.000000000000000000e+00 1.250000000000000000e+02 8.400000000000000000e+01 0.000000000000000000e+00 0.000000000000000000e+00 0.000000000000000000e+00
2.286000000000000000e+04 1.546600000000000000e+04 1.829200000000000000e+04 0.000000000000000000e+00 1.150000000000000000e+02 8.000000000000000000e+01 0.000000000000000000e+00 0.000000000000000000e+00 0.000000000000000000e+00
2.249000000000000000e+04 1.525400000000000000e+04 1.800500000000000000e+04 0.000000000000000000e+00 1.320000000000000000e+02 8.300000000000000000e+01 0.000000000000000000e+00 0.000000000000000000e+00 0.000000000000000000e+00
2.236400000000000000e+04 1.559700000000000000e+04 1.820500000000000000e+04 0.000000000000000000e+00 1.010000000000000000e+02 9.400000000000000000e+01 0.000000000000000000e+00 0.000000000000000000e+00 0.000000000000000000e+00
2.264600000000000000e+04 1.564100000000000000e+04 1.817000000000000000e+04 0.000000000000000000e+00 1.370000000000000000e+02 7.000000000000000000e+01 0.000000000000000000e+00 0.000000000000000000e+00 0.000000000000000000e+00
2.221000000000000000e+04 1.565300000000000000e+04 1.827000000000000000e+04 0.000000000000000000e+00 1.080000000000000000e+02 7.600000000000000000e+01 0.000000000000000000e+00 0.000000000000000000e+00 0.000000000000000000e+00
2.249300000000000000e+04 1.538900000000000000e+04 1.836900000000000000e+04 0.000000000000000000e+00 1.100000000000000000e+02 8.800000000000000000e+01 0.000000000000000000e+00 0.000000000000000000e+00 0.000000000000000000e+00
2.253000000000000000e+04 1.529100000000000000e+04 1.833400000000000000e+04 0.000000000000000000e+00 1.280000000000000000e+02 9.000000000000000000e+01 0.000000000000000000e+00 0.000000000000000000e+00 0.000000000000000000e+00
