2.247000000000000000e+04 1.741000000000000000e+04 2.056100000000000000e+04 0.000000000000000000e+00 1.100000000000000000e+02 4.800000000000000000e+01 0.000000000000000000e+00 0.000000000000000000e+00 0.000000000000000000e+00
2.261300000000000000e+04 1.694200000000000000e+04 2.067500000000000000e+04 0.000000000000000000e+00 1.490000000000000000e+02 6.100000000000000000e+01 0.000000000000000000e+00 0.000000000000000000e+00 0.000000000000000000e+00
2.260000000000000000e+04 1.737500000000000000e+04 2.072400000000000000e+04 0.000000000000000000e+00 1.490000000000000000e+02 8.000000000000000000e+01 0.000000000000000000e+00 0.000000000000000000e+00 0.000000000000000000e+00
2.247000000000000000e+04 1.675500000000000000e+04 2.029100000000000000e+04 0.000000000000000000e+00 1.400000000000000000e+02 6.400000000000000000e+01 0.000000000000000000e+00 0.000000000000000000e+00 0.000000000000000000e+00
2.244000000000000000e+04 1.648300000000000000e+04 2.007500000000000000e+04 0.000000000000000000e+00 1.600000000000000000e+02 6.100000000000000000e+01 0.000000000000000000e+00 0.000000000000000000e+00 0.000000000000000000e+00
2.255900000000000000e+04 1.728100000000000000e+04 2.040300000000000000e+04 0.000000000000000000e+00 1.530000000000000000e+02 5.600000000000000000e+01 0.000000000000000000e+00 0.000000000000000000e+00 0.000000000000000000e+00
2.283400000000000000e+04 1.748300000000000000e+04 2.065300000000000000e+04 0.000000000000000000e+00 1.590000000000000000e+02 6.200000000000000000e+01 0.000000000000000000e+00 0.000000000000000000e+00 0.000000000000000000e+00
2.245000000000000000e+04 1.789400000000000000e+04 2.078900000000000000e+04 0.000000000000000000e+00 1.500000000000000000e+02 5.700000000000000000e+01 0.000000000000000000e+00 0.000000000000000000e+00 0.000000000000000000e+00
2.264200000000000000e+04 1.695000000000000000e+04 2.003500000000000000e+04 0.000000000000000000e+00 1.380000000000000000e+02 6.200000000000000000e+01 0.000000000000000000e+00 0.000000000000000000e+00 0.000000000000000000e+00
2.273500000000000000e+04 1.652700000000000000e+04 2.015800000000000000e+04 0.000000000000000000e+00 1.510000000000000000e+02 6.400000000000000000e+01 0.000000000000000000e+00 0.000000000000000000e+00 0.000000000000000000e+00
2.221800000000000000e+04 1.718900000000000000e+04 2.048700000000000000e+04 0.000000000000000000e+00 1.460000000000000000e+02 6.600000000000000000e+01 0.000000000000000000e+00 0.000000000000000000e+00 0.000000000000000000e+00
2.286400000000000000e+04 1.707100000000000000e+04 2.028300000000000000e+04 0.000000000000000000e+00 1.400000000000000000e+02 5.500000000000000000e+01 0.000000000000000000e+00 0.000000000000000000e+00 0.000000000000000000e+00
2.286300000000000000e+04 1.770800000000000000e+04 2.116000000000000000e+04 0.000000000000000000e+00 1.590000000000000000e+02 5.900000000000000000e+01 0.000000000000000000e+00 0.000000000000000000e+00 0.000000000000000000e+00
2.255100000000000000e+04 1.750400000000000000e+04 2.069400000000000000e+04 0.000000000000000000e+00 1.490000000000000000e+02 6.200000000000000000e+01 0.000000000000000000e+00 0.000000000000000000e+00 0.000000000000000000e+00
2.232200000000000000e+04 1.759600000000000000e+04 2.115400000000000000e+04 0.000000000000000000e+00 1.610000000000000000e+02 6.100000000000000000e+01 0.000000000000000000e+00 0.000000000000000000e+00 0.000000000000000000e+00
