2.217700000000000000e+04 1.417600000000000000e+04 1.485500000000000000e+04 0.000000000000000000e+00 1.800000000000000000e+01 1.950000000000000000e+02 0.000000000000000000e+00 0.000000000000000000e+00 0.000000000000000000e+00
2.245300000000000000e+04 1.409800000000000000e+04 1.529500000000000000e+04 0.000000000000000000e+00 1.300000000000000000e+01 2.100000000000000000e+02 0.000000000000000000e+00 0.000000000000000000e+00 0.000000000000000000e+00
2.231700000000000000e+04 1.433200000000000000e+04 1.492200000000000000e+04 0.000000000000000000e+00 1.500000000000000000e+01 1.710000000000000000e+02 0.000000000000000000e+00 0.000000000000000000e+00 0.000000000000000000e+00
2.251200000000000000e+04 1.432500000000000000e+04 1.493800000000000000e+04 0.000000000000000000e+00 9.000000000000000000e+00 1.830000000000000000e+02 0.000000000000000000e+00 0.000000000000000000e+00 0.000000000000000000e+00
2.193100000000000000e+04 1.441200000000000000e+04 1.502700000000000000e+04 0.000000000000000000e+00 6.000000000000000000e+00 2.090000000000000000e+02 0.000000000000000000e+00 0.000000000000000000e+00 0.000000000000000000e+00
2.235100000000000000e+04 1.458300000000000000e+04 1.507000000000000000e+04 0.000000000000000000e+00 1.200000000000000000e+01 1.890000000000000000e+02 0.000000000000000000e+00 0.000000000000000000e+00 0.000000000000000000e+00
2.212400000000000000e+04 1.438800000000000000e+04 1.501100000000000000e+04 0.000000000000000000e+00 7.000000000000000000e+00 1.850000000000000000e+02 0.000000000000000000e+00 0.000000000000000000e+00 0.000000000000000000e+00
2.217600000000000000e+04 1.411100000000000000e+04 1.483800000000000000e+04 0.000000000000000000e+00 1.200000000000000000e+01 1.860000000000000000e+02 0.000000000000000000e+00 0.000000000000000000e+00 0.000000000000000000e+00
2.269900000000000000e+04 1.436100000000000000e+04 1.494100000000000000e+04 0.000000000000000000e+00 1.100000000000000000e+01 1.780000000000000000e+02 0.000000000000000000e+00 0.000000000000000000e+00 0.000000000000000000e+00
2.247300000000000000e+04 1.422700000000000000e+04 1.465700000000000000e+04 0.000000000000000000e+00 2.000000000000000000e+01 2.070000000000000000e+02 0.000000000000000000e+00 0.000000000000000000e+00 0.000000000000000000e+00
2.208300000000000000e+04 1.454700000000000000e+04 1.516800000000000000e+04 0.000000000000000000e+00 1.100000000000000000e+01 1.990000000000000000e+02 0.000000000000000000e+00 0.000000000000000000e+00 0.000000000000000000e+00
2.242400000000000000e+04 1.417500000000000000e+04 1.479700000000000000e+04 0.000000000000000000e+00 7.000000000000000000e+00 1.810000000000000000e+02 0.000000000000000000e+00 0.000000000000000000e+00 0.000000000000000000e+00
2.222400000000000000e+04 1.447800000000000000e+04 1.508700000000000000e+04 0.000000000000000000e+00 1.400000000000000000e+01 2.160000000000000000e+02 0.000000000000000000e+00 0.000000000000000000e+00 0.000000000000000000e+00
2.230600000000000000e+04 1.438300000000000000e+04 1.511800000000000000e+04 0.000000000000000000e+00 9.000000000000000000e+00 2.160000000000000000e+02 0.000000000000000000e+00 0.000000000000000000e+00 0.000000000000000000e+00
2.217700000000000000e+04 1.426100000000000000e+04 1.485100000000000000e+04 0.000000000000000000e+00 1.200000000000000000e+01 1.880000000000000000e+02 0.000000000000000000e+00 0.000000000000000000e+00 0.000000000000000000e+00
