2.257000000000000000e+04 1.723000000000000000e+04 1.946600000000000000e+04 0.000000000000000000e+00 8.600000000000000000e+01 8.800000000000000000e+01 0.000000000000000000e+00 0.000000000000000000e+00 1.000000000000000000e+00
2.268100000000000000e+04 1.693000000000000000e+04 1.948100000000000000e+04 0.000000000000000000e+00 7.800000000000000000e+01 1.110000000000000000e+02 0.000000000000000000e+00 0.000000000000000000e+00 1.000000000000000000e+00
2.268600000000000000e+04 1.713100000000000000e+04 1.985300000000000000e+04 0.000000000000000000e+00 9.900000000000000000e+01 1.170000000000000000e+02 0.000000000000000000e+00 0.000000000000000000e+00 0.000000000000000000e+00
2.279400000000000000e+04 1.709400000000000000e+04 1.975300000000000000e+04 0.000000000000000000e+00 7.200000000000000000e+01 1.080000000000000000e+02 0.000000000000000000e+00 0.000000000000000000e+00 0.000000000000000000e+00
2.282800000000000000e+04 1.758300000000000000e+04 1.993200000000000000e+04 0.000000000000000000e+00 9.000000000000000000e+01 1.080000000000000000e+02 0.000000000000000000e+00 0.000000000000000000e+00 0.000000000000000000e+00
2.266900000000000000e+04 1.691600000000000000e+04 1.909000000000000000e+04 0.000000000000000000e+00 9.200000000000000000e+01 1.010000000000000000e+02 0.000000000000000000e+00 0.000000000000000000e+00 0.000000000000000000e+00
2.278000000000000000e+04 1.499700000000000000e+04 1.762000000000000000e+04 0.000000000000000000e+00 8.600000000000000000e+01 8.700000000000000000e+01 0.000000000000000000e+00 0.000000000000000000e+00 0.000000000000000000e+00
2.263000000000000000e+04 1.504100000000000000e+04 1.734700000000000000e+04 0.000000000000000000e+00 8.800000000000000000e+01 9.900000000000000000e+01 0.000000000000000000e+00 0.000000000000000000e+00 0.000000000000000000e+00
2.250400000000000000e+04 1.511600000000000000e+04 1.738600000000000000e+04 0.000000000000000000e+00 8.800000000000000000e+01 9.900000000000000000e+01 0.000000000000000000e+00 0.000000000000000000e+00 0.000000000000000000e+00
2.244600000000000000e+04 1.502300000000000000e+04 1.745500000000000000e+04 0.000000000000000000e+00 9.400000000000000000e+01 9.500000000000000000e+01 0.000000000000000000e+00 0.000000000000000000e+00 0.000000000000000000e+00
2.282300000000000000e+04 1.519700000000000000e+04 1.738800000000000000e+04 0.000000000000000000e+00 1.000000000000000000e+02 9.900000000000000000e+01 0.000000000000000000e+00 0.000000000000000000e+00 0.000000000000000000e+00
2.260800000000000000e+04 1.530700000000000000e+04 1.737100000000000000e+04 0.000000000000000000e+00 9.500000000000000000e+01 9.600000000000000000e+01 0.000000000000000000e+00 0.000000000000000000e+00 0.000000000000000000e+00
2.241100000000000000e+04 1.632100000000000000e+04 1.871000000000000000e+04 0.000000000000000000e+00 8.500000000000000000e+01 1.110000000000000000e+02 0.000000000000000000e+00 0.000000000000000000e+00 0.000000000000000000e+00
2.280800000000000000e+04 1.750600000000000000e+04 2.039900000000000000e+04 0.000000000000000000e+00 1.020000000000000000e+02 9.400000000000000000e+01 0.000000000000000000e+00 0.000000000000000000e+00 0.000000000000000000e+00
2.248300000000000000e+04 1.753100000000000000e+04 1.773500000000000000e+04 0.000000000000000000e+00 9.000000000000000000e+01 1.160000000000000000e+02 0.000000000000000000e+00 0.000000000000000000e+00 0.000000000000000000e+00
