2.303200000000000000e+04 1.848200000000000000e+04 2.219600000000000000e+04 0.000000000000000000e+00 1.580000000000000000e+02 2.400000000000000000e+01 0.000000000000000000e+00 0.000000000000000000e+00 0.000000000000000000e+00
2.293600000000000000e+04 1.826500000000000000e+04 2.171800000000000000e+04 0.000000000000000000e+00 1.660000000000000000e+02 1.700000000000000000e+01 0.000000000000000000e+00 0.000000000000000000e+00 0.000000000000000000e+00
2.306700000000000000e+04 1.844800000000000000e+04 2.196400000000000000e+04 0.000000000000000000e+00 1.860000000000000000e+02 1.100000000000000000e+01 0.000000000000000000e+00 0.000000000000000000e+00 0.000000000000000000e+00
2.276600000000000000e+04 1.845400000000000000e+04 2.252900000000000000e+04 0.000000000000000000e+00 1.830000000000000000e+02 1.100000000000000000e+01 0.000000000000000000e+00 0.000000000000000000e+00 0.000000000000000000e+00
2.305500000000000000e+04 1.911600000000000000e+04 2.348100000000000000e+04 0.000000000000000000e+00 2.030000000000000000e+02 2.300000000000000000e+01 0.000000000000000000e+00 0.000000000000000000e+00 0.000000000000000000e+00
2.298700000000000000e+04 1.765200000000000000e+04 2.102100000000000000e+04 0.000000000000000000e+00 1.850000000000000000e+02 7.000000000000000000e+00 0.000000000000000000e+00 0.000000000000000000e+00 0.000000000000000000e+00
2.314900000000000000e+04 1.707000000000000000e+04 2.082700000000000000e+04 0.000000000000000000e+00 1.700000000000000000e+02 1.200000000000000000e+01 0.000000000000000000e+00 0.000000000000000000e+00 0.000000000000000000e+00
2.272100000000000000e+04 1.731300000000000000e+04 2.104600000000000000e+04 0.000000000000000000e+00 1.980000000000000000e+02 1.300000000000000000e+01 0.000000000000000000e+00 0.000000000000000000e+00 0.000000000000000000e+00
2.305400000000000000e+04 1.772500000000000000e+04 2.162500000000000000e+04 0.000000000000000000e+00 1.770000000000000000e+02 9.000000000000000000e+00 0.000000000000000000e+00 0.000000000000000000e+00 0.000000000000000000e+00
2.312400000000000000e+04 1.875000000000000000e+04 2.243000000000000000e+04 0.000000000000000000e+00 1.770000000000000000e+02 1.400000000000000000e+01 0.000000000000000000e+00 0.000000000000000000e+00 0.000000000000000000e+00
2.291100000000000000e+04 1.779600000000000000e+04 2.151900000000000000e+04 0.000000000000000000e+00 1.730000000000000000e+02 1.400000000000000000e+01 0.000000000000000000e+00 0.000000000000000000e+00 0.000000000000000000e+00
2.301600000000000000e+04 1.646700000000000000e+04 2.061000000000000000e+04 0.000000000000000000e+00 1.920000000000000000e+02 1.100000000000000000e+01 0.000000000000000000e+00 0.000000000000000000e+00 0.000000000000000000e+00
2.292100000000000000e+04 1.635900000000000000e+04 2.060100000000000000e+04 0.000000000000000000e+00 1.960000000000000000e+02 1.400000000000000000e+01 0.000000000000000000e+00 0.000000000000000000e+00 0.000000000000000000e+00
2.326800000000000000e+04 1.611500000000000000e+04 2.027900000000000000e+04 0.000000000000000000e+00 2.010000000000000000e+02 1.400000000000000000e+01 0.000000000000000000e+00 0.000000000000000000e+00 0.000000000000000000e+00
2.321000000000000000e+04 1.592500000000000000e+04 2.046600000000000000e+04 0.000000000000000000e+00 1.760000000000000000e+02 1.300000000000000000e+01 0.000000000000000000e+00 0.000000000000000000e+00 0.000000000000000000e+00
