2.285000000000000000e+04 1.566700000000000000e+04 1.772800000000000000e+04 0.000000000000000000e+00 8.500000000000000000e+01 1.130000000000000000e+02 0.000000000000000000e+00 0.000000000000000000e+00 0.000000000000000000e+00
2.297100000000000000e+04 1.575100000000000000e+04 1.785400000000000000e+04 0.000000000000000000e+00 7.100000000000000000e+01 1.150000000000000000e+02 0.000000000000000000e+00 0.000000000000000000e+00 0.000000000000000000e+00
2.280700000000000000e+04 1.564300000000000000e+04 1.760500000000000000e+04 0.000000000000000000e+00 7.900000000000000000e+01 1.150000000000000000e+02 0.000000000000000000e+00 0.000000000000000000e+00 0.000000000000000000e+00
2.296800000000000000e+04 1.556700000000000000e+04 1.780500000000000000e+04 0.000000000000000000e+00 7.600000000000000000e+01 1.160000000000000000e+02 0.000000000000000000e+00 0.000000000000000000e+00 0.000000000000000000e+00
2.291200000000000000e+04 1.555500000000000000e+04 1.748900000000000000e+04 0.000000000000000000e+00 7.400000000000000000e+01 1.130000000000000000e+02 0.000000000000000000e+00 0.000000000000000000e+00 0.000000000000000000e+00
2.288100000000000000e+04 1.558000000000000000e+04 1.793400000000000000e+04 0.000000000000000000e+00 6.800000000000000000e+01 1.200000000000000000e+02 0.000000000000000000e+00 0.000000000000000000e+00 0.000000000000000000e+00
2.278300000000000000e+04 1.568900000000000000e+04 1.761700000000000000e+04 0.000000000000000000e+00 6.400000000000000000e+01 1.100000000000000000e+02 0.000000000000000000e+00 0.000000000000000000e+00 0.000000000000000000e+00
2.307700000000000000e+04 1.556100000000000000e+04 1.780300000000000000e+04 0.000000000000000000e+00 7.500000000000000000e+01 1.240000000000000000e+02 0.000000000000000000e+00 0.000000000000000000e+00 0.000000000000000000e+00
2.307900000000000000e+04 1.562000000000000000e+04 1.751800000000000000e+04 0.000000000000000000e+00 6.800000000000000000e+01 1.100000000000000000e+02 0.000000000000000000e+00 0.000000000000000000e+00 1.000000000000000000e+00
2.315600000000000000e+04 1.554800000000000000e+04 1.758800000000000000e+04 0.000000000000000000e+00 6.500000000000000000e+01 1.250000000000000000e+02 0.000000000000000000e+00 0.000000000000000000e+00 0.000000000000000000e+00
2.300700000000000000e+04 1.556500000000000000e+04 1.781200000000000000e+04 0.000000000000000000e+00 7.300000000000000000e+01 1.220000000000000000e+02 0.000000000000000000e+00 0.000000000000000000e+00 0.000000000000000000e+00
2.309100000000000000e+04 1.554400000000000000e+04 1.767700000000000000e+04 0.000000000000000000e+00 6.600000000000000000e+01 1.230000000000000000e+02 0.000000000000000000e+00 0.000000000000000000e+00 0.000000000000000000e+00
2.269900000000000000e+04 1.534900000000000000e+04 1.771200000000000000e+04 0.000000000000000000e+00 8.200000000000000000e+01 1.080000000000000000e+02 0.000000000000000000e+00 0.000000000000000000e+00 0.000000000000000000e+00
2.293000000000000000e+04 1.561600000000000000e+04 1.779500000000000000e+04 0.000000000000000000e+00 8.200000000000000000e+01 1.220000000000000000e+02 0.000000000000000000e+00 0.000000000000000000e+00 0.000000000000000000e+00
2.295600000000000000e+04 1.556100000000000000e+04 1.763900000000000000e+04 0.000000000000000000e+00 9.000000000000000000e+01 1.100000000000000000e+02 0.000000000000000000e+00 0.000000000000000000e+00 0.000000000000000000e+00
