2.256300000000000000e+04 1.742800000000000000e+04 2.116700000000000000e+04 0.000000000000000000e+00 1.830000000000000000e+02 1.300000000000000000e+01 0.000000000000000000e+00 0.000000000000000000e+00 0.000000000000000000e+00
2.268900000000000000e+04 1.728900000000000000e+04 2.118300000000000000e+04 0.000000000000000000e+00 1.830000000000000000e+02 1.500000000000000000e+01 0.000000000000000000e+00 0.000000000000000000e+00 0.000000000000000000e+00
2.252800000000000000e+04 1.741400000000000000e+04 2.150900000000000000e+04 0.000000000000000000e+00 1.980000000000000000e+02 2.000000000000000000e+01 0.000000000000000000e+00 0.000000000000000000e+00 0.000000000000000000e+00
2.268800000000000000e+04 1.742600000000000000e+04 2.147200000000000000e+04 0.000000000000000000e+00 2.050000000000000000e+02 1.000000000000000000e+01 0.000000000000000000e+00 0.000000000000000000e+00 0.000000000000000000e+00
2.295100000000000000e+04 1.754100000000000000e+04 2.127300000000000000e+04 0.000000000000000000e+00 1.810000000000000000e+02 1.900000000000000000e+01 0.000000000000000000e+00 0.000000000000000000e+00 0.000000000000000000e+00
2.272800000000000000e+04 1.754400000000000000e+04 2.110200000000000000e+04 0.000000000000000000e+00 1.710000000000000000e+02 2.100000000000000000e+01 0.000000000000000000e+00 0.000000000000000000e+00 0.000000000000000000e+00
2.266700000000000000e+04 1.751100000000000000e+04 2.126400000000000000e+04 0.000000000000000000e+00 1.590000000000000000e+02 2.200000000000000000e+01 0.000000000000000000e+00 0.000000000000000000e+00 0.000000000000000000e+00
2.250100000000000000e+04 1.746000000000000000e+04 2.162400000000000000e+04 0.000000000000000000e+00 1.740000000000000000e+02 2.000000000000000000e+01 0.000000000000000000e+00 0.000000000000000000e+00 0.000000000000000000e+00
2.301400000000000000e+04 1.747400000000000000e+04 2.131400000000000000e+04 0.000000000000000000e+00 1.750000000000000000e+02 1.700000000000000000e+01 0.000000000000000000e+00 0.000000000000000000e+00 0.000000000000000000e+00
2.279900000000000000e+04 1.697700000000000000e+04 2.132200000000000000e+04 0.000000000000000000e+00 1.790000000000000000e+02 2.600000000000000000e+01 0.000000000000000000e+00 0.000000000000000000e+00 0.000000000000000000e+00
2.292900000000000000e+04 1.724800000000000000e+04 2.134900000000000000e+04 0.000000000000000000e+00 1.800000000000000000e+02 2.000000000000000000e+01 0.000000000000000000e+00 0.000000000000000000e+00 0.000000000000000000e+00
2.239400000000000000e+04 1.689500000000000000e+04 2.066500000000000000e+04 0.000000000000000000e+00 1.720000000000000000e+02 3.000000000000000000e+01 0.000000000000000000e+00 0.000000000000000000e+00 0.000000000000000000e+00
2.281100000000000000e+04 1.707200000000000000e+04 2.114300000000000000e+04 0.000000000000000000e+00 1.790000000000000000e+02 1.800000000000000000e+01 0.000000000000000000e+00 0.000000000000000000e+00 0.000000000000000000e+00
2.254000000000000000e+04 1.789100000000000000e+04 2.168000000000000000e+04 0.000000000000000000e+00 1.780000000000000000e+02 1.500000000000000000e+01 0.000000000000000000e+00 0.000000000000000000e+00 0.000000000000000000e+00
2.283800000000000000e+04 1.807100000000000000e+04 2.216300000000000000e+04 0.000000000000000000e+00 1.800000000000000000e+02 2.500000000000000000e+01 0.000000000000000000e+00 0.000000000000000000e+00 0.000000000000000000e+00
