2.313200000000000000e+04 1.686900000000000000e+04 2.052900000000000000e+04 0.000000000000000000e+00 1.350000000000000000e+02 5.100000000000000000e+01 0.000000000000000000e+00 0.000000000000000000e+00 0.000000000000000000e+00
2.302100000000000000e+04 1.697400000000000000e+04 2.016600000000000000e+04 0.000000000000000000e+00 1.500000000000000000e+02 5.700000000000000000e+01 0.000000000000000000e+00 0.000000000000000000e+00 0.000000000000000000e+00
2.299900000000000000e+04 1.709100000000000000e+04 2.040400000000000000e+04 0.000000000000000000e+00 1.300000000000000000e+02 5.600000000000000000e+01 0.000000000000000000e+00 0.000000000000000000e+00 0.000000000000000000e+00
2.315800000000000000e+04 1.689100000000000000e+04 1.997500000000000000e+04 0.000000000000000000e+00 1.330000000000000000e+02 4.700000000000000000e+01 0.000000000000000000e+00 0.000000000000000000e+00 0.000000000000000000e+00
2.321400000000000000e+04 1.693300000000000000e+04 2.054000000000000000e+04 0.000000000000000000e+00 1.440000000000000000e+02 5.700000000000000000e+01 0.000000000000000000e+00 0.000000000000000000e+00 0.000000000000000000e+00
2.311200000000000000e+04 1.679500000000000000e+04 2.061900000000000000e+04 0.000000000000000000e+00 1.090000000000000000e+02 5.400000000000000000e+01 0.000000000000000000e+00 0.000000000000000000e+00 1.000000000000000000e+00
2.319600000000000000e+04 1.718700000000000000e+04 2.054500000000000000e+04 0.000000000000000000e+00 1.210000000000000000e+02 5.400000000000000000e+01 0.000000000000000000e+00 0.000000000000000000e+00 0.000000000000000000e+00
2.296000000000000000e+04 1.661500000000000000e+04 2.006000000000000000e+04 0.000000000000000000e+00 1.280000000000000000e+02 5.800000000000000000e+01 0.000000000000000000e+00 0.000000000000000000e+00 0.000000000000000000e+00
2.302600000000000000e+04 1.688400000000000000e+04 2.009900000000000000e+04 0.000000000000000000e+00 1.330000000000000000e+02 5.600000000000000000e+01 0.000000000000000000e+00 0.000000000000000000e+00 0.000000000000000000e+00
2.283900000000000000e+04 1.664900000000000000e+04 2.009900000000000000e+04 0.000000000000000000e+00 1.380000000000000000e+02 5.000000000000000000e+01 0.000000000000000000e+00 0.000000000000000000e+00 0.000000000000000000e+00
2.316600000000000000e+04 1.667800000000000000e+04 2.047600000000000000e+04 0.000000000000000000e+00 1.470000000000000000e+02 6.700000000000000000e+01 0.000000000000000000e+00 0.000000000000000000e+00 0.000000000000000000e+00
2.312900000000000000e+04 1.671900000000000000e+04 2.019700000000000000e+04 0.000000000000000000e+00 1.390000000000000000e+02 5.300000000000000000e+01 0.000000000000000000e+00 0.000000000000000000e+00 0.000000000000000000e+00
2.319800000000000000e+04 1.675300000000000000e+04 2.025000000000000000e+04 0.000000000000000000e+00 1.480000000000000000e+02 5.000000000000000000e+01 0.000000000000000000e+00 0.000000000000000000e+00 0.000000000000000000e+00
2.312500000000000000e+04 1.680000000000000000e+04 2.033200000000000000e+04 0.000000000000000000e+00 1.220000000000000000e+02 5.200000000000000000e+01 0.000000000000000000e+00 0.000000000000000000e+00 0.000000000000000000e+00
2.313100000000000000e+04 1.632800000000000000e+04 2.023600000000000000e+04 0.000000000000000000e+00 1.260000000000000000e+02 6.400000000000000000e+01 0.000000000000000000e+00 0.000000000000000000e+00 0.000000000000000000e+00
