2.274700000000000000e+04 1.687000000000000000e+04 2.018900000000000000e+04 0.000000000000000000e+00 1.320000000000000000e+02 5.400000000000000000e+01 0.000000000000000000e+00 0.000000000000000000e+00 0.000000000000000000e+00
2.233600000000000000e+04 1.692100000000000000e+04 2.016400000000000000e+04 0.000000000000000000e+00 1.650000000000000000e+02 4.600000000000000000e+01 0.000000000000000000e+00 0.000000000000000000e+00 0.000000000000000000e+00
2.274500000000000000e+04 1.710800000000000000e+04 2.025300000000000000e+04 0.000000000000000000e+00 1.680000000000000000e+02 3.800000000000000000e+01 0.000000000000000000e+00 0.000000000000000000e+00 0.000000000000000000e+00
2.291600000000000000e+04 1.684800000000000000e+04 2.008000000000000000e+04 0.000000000000000000e+00 1.680000000000000000e+02 4.800000000000000000e+01 0.000000000000000000e+00 0.000000000000000000e+00 0.000000000000000000e+00
2.249800000000000000e+04 1.674700000000000000e+04 1.993900000000000000e+04 0.000000000000000000e+00 1.470000000000000000e+02 3.900000000000000000e+01 0.000000000000000000e+00 0.000000000000000000e+00 0.000000000000000000e+00
2.239000000000000000e+04 1.695500000000000000e+04 2.049400000000000000e+04 0.000000000000000000e+00 1.410000000000000000e+02 3.600000000000000000e+01 0.000000000000000000e+00 0.000000000000000000e+00 0.000000000000000000e+00
2.245000000000000000e+04 1.629800000000000000e+04 2.003100000000000000e+04 0.000000000000000000e+00 1.600000000000000000e+02 3.400000000000000000e+01 0.000000000000000000e+00 0.000000000000000000e+00 0.000000000000000000e+00
2.261800000000000000e+04 1.547600000000000000e+04 1.907800000000000000e+04 0.000000000000000000e+00 1.760000000000000000e+02 4.700000000000000000e+01 0.000000000000000000e+00 0.000000000000000000e+00 0.000000000000000000e+00
2.276300000000000000e+04 1.577000000000000000e+04 1.954100000000000000e+04 0.000000000000000000e+00 1.560000000000000000e+02 4.500000000000000000e+01 0.000000000000000000e+00 0.000000000000000000e+00 1.000000000000000000e+00
2.276700000000000000e+04 1.601200000000000000e+04 1.954800000000000000e+04 0.000000000000000000e+00 1.810000000000000000e+02 4.700000000000000000e+01 0.000000000000000000e+00 0.000000000000000000e+00 0.000000000000000000e+00
2.271300000000000000e+04 1.604400000000000000e+04 1.969400000000000000e+04 0.000000000000000000e+00 1.280000000000000000e+02 4.700000000000000000e+01 0.000000000000000000e+00 0.000000000000000000e+00 0.000000000000000000e+00
2.279900000000000000e+04 1.592700000000000000e+04 1.900100000000000000e+04 0.000000000000000000e+00 1.640000000000000000e+02 3.700000000000000000e+01 0.000000000000000000e+00 0.000000000000000000e+00 0.000000000000000000e+00
2.290900000000000000e+04 1.543500000000000000e+04 1.905400000000000000e+04 0.000000000000000000e+00 1.350000000000000000e+02 5.600000000000000000e+01 0.000000000000000000e+00 0.000000000000000000e+00 0.000000000000000000e+00
2.256000000000000000e+04 1.583900000000000000e+04 1.937200000000000000e+04 0.000000000000000000e+00 1.370000000000000000e+02 4.100000000000000000e+01 0.000000000000000000e+00 0.000000000000000000e+00 0.000000000000000000e+00
2.259900000000000000e+04 1.662800000000000000e+04 2.021200000000000000e+04 0.000000000000000000e+00 1.520000000000000000e+02 2.900000000000000000e+01 0.000000000000000000e+00 0.000000000000000000e+00 0.000000000000000000e+00
