2.260800000000000000e+04 1.439700000000000000e+04 1.544900000000000000e+04 0.000000000000000000e+00 4.000000000000000000e+01 1.620000000000000000e+02 0.000000000000000000e+00 0.000000000000000000e+00 0.000000000000000000e+00
2.248200000000000000e+04 1.473100000000000000e+04 1.571800000000000000e+04 0.000000000000000000e+00 3.900000000000000000e+01 1.510000000000000000e+02 0.000000000000000000e+00 0.000000000000000000e+00 0.000000000000000000e+00
2.246500000000000000e+04 1.460000000000000000e+04 1.574500000000000000e+04 0.000000000000000000e+00 3.500000000000000000e+01 1.800000000000000000e+02 0.000000000000000000e+00 0.000000000000000000e+00 0.000000000000000000e+00
2.238400000000000000e+04 1.440100000000000000e+04 1.552600000000000000e+04 0.000000000000000000e+00 3.000000000000000000e+01 1.540000000000000000e+02 0.000000000000000000e+00 0.000000000000000000e+00 0.000000000000000000e+00
2.226900000000000000e+04 1.450800000000000000e+04 1.569500000000000000e+04 0.000000000000000000e+00 3.900000000000000000e+01 1.530000000000000000e+02 0.000000000000000000e+00 0.000000000000000000e+00 0.000000000000000000e+00
2.242500000000000000e+04 1.447900000000000000e+04 1.578600000000000000e+04 0.000000000000000000e+00 3.600000000000000000e+01 1.570000000000000000e+02 0.000000000000000000e+00 0.000000000000000000e+00 0.000000000000000000e+00
2.238900000000000000e+04 1.478300000000000000e+04 1.577800000000000000e+04 0.000000000000000000e+00 4.100000000000000000e+01 1.620000000000000000e+02 0.000000000000000000e+00 0.000000000000000000e+00 0.000000000000000000e+00
2.221500000000000000e+04 1.452100000000000000e+04 1.572200000000000000e+04 0.000000000000000000e+00 4.700000000000000000e+01 1.790000000000000000e+02 0.000000000000000000e+00 0.000000000000000000e+00 0.000000000000000000e+00
2.236100000000000000e+04 1.454000000000000000e+04 1.583000000000000000e+04 0.000000000000000000e+00 4.500000000000000000e+01 1.840000000000000000e+02 0.000000000000000000e+00 0.000000000000000000e+00 0.000000000000000000e+00
2.223000000000000000e+04 1.479000000000000000e+04 1.608000000000000000e+04 0.000000000000000000e+00 4.100000000000000000e+01 1.540000000000000000e+02 0.000000000000000000e+00 0.000000000000000000e+00 0.000000000000000000e+00
2.241900000000000000e+04 1.465900000000000000e+04 1.608700000000000000e+04 0.000000000000000000e+00 3.500000000000000000e+01 1.660000000000000000e+02 0.000000000000000000e+00 0.000000000000000000e+00 0.000000000000000000e+00
2.241500000000000000e+04 1.458800000000000000e+04 1.571500000000000000e+04 0.000000000000000000e+00 4.900000000000000000e+01 1.740000000000000000e+02 0.000000000000000000e+00 0.000000000000000000e+00 0.000000000000000000e+00
2.223800000000000000e+04 1.465000000000000000e+04 1.595600000000000000e+04 0.000000000000000000e+00 4.200000000000000000e+01 1.880000000000000000e+02 0.000000000000000000e+00 0.000000000000000000e+00 0.000000000000000000e+00
2.216800000000000000e+04 1.494300000000000000e+04 1.598200000000000000e+04 0.000000000000000000e+00 5.000000000000000000e+01 1.650000000000000000e+02 0.000000000000000000e+00 0.000000000000000000e+00 0.000000000000000000e+00
2.227000000000000000e+04 1.470300000000000000e+04 1.610100000000000000e+04 0.000000000000000000e+00 4.600000000000000000e+01 1.600000000000000000e+02 0.000000000000000000e+00 0.000000000000000000e+00 0.000000000000000000e+00
