2.290300000000000000e+04 1.938200000000000000e+04 2.333700000000000000e+04 0.000000000000000000e+00 1.880000000000000000e+02 2.500000000000000000e+01 0.000000000000000000e+00 0.000000000000000000e+00 0.000000000000000000e+00
2.312200000000000000e+04 1.900000000000000000e+04 2.347300000000000000e+04 0.000000000000000000e+00 1.810000000000000000e+02 1.700000000000000000e+01 0.000000000000000000e+00 0.000000000000000000e+00 0.000000000000000000e+00
2.302800000000000000e+04 1.875500000000000000e+04 2.356900000000000000e+04 0.000000000000000000e+00 1.580000000000000000e+02 1.700000000000000000e+01 0.000000000000000000e+00 0.000000000000000000e+00 0.000000000000000000e+00
2.332100000000000000e+04 1.890200000000000000e+04 2.351100000000000000e+04 0.000000000000000000e+00 1.910000000000000000e+02 2.300000000000000000e+01 0.000000000000000000e+00 0.000000000000000000e+00 0.000000000000000000e+00
2.290500000000000000e+04 1.867900000000000000e+04 2.284700000000000000e+04 0.000000000000000000e+00 1.760000000000000000e+02 2.200000000000000000e+01 0.000000000000000000e+00 0.000000000000000000e+00 0.000000000000000000e+00
2.312700000000000000e+04 1.637000000000000000e+04 2.069700000000000000e+04 0.000000000000000000e+00 1.800000000000000000e+02 1.700000000000000000e+01 0.000000000000000000e+00 0.000000000000000000e+00 0.000000000000000000e+00
2.314600000000000000e+04 1.675400000000000000e+04 2.046200000000000000e+04 0.000000000000000000e+00 1.920000000000000000e+02 3.000000000000000000e+01 0.000000000000000000e+00 0.000000000000000000e+00 0.000000000000000000e+00
2.292500000000000000e+04 1.652900000000000000e+04 2.033800000000000000e+04 0.000000000000000000e+00 1.760000000000000000e+02 2.000000000000000000e+01 0.000000000000000000e+00 0.000000000000000000e+00 0.000000000000000000e+00
2.309200000000000000e+04 1.642600000000000000e+04 2.011100000000000000e+04 0.000000000000000000e+00 1.850000000000000000e+02 1.800000000000000000e+01 0.000000000000000000e+00 0.000000000000000000e+00 0.000000000000000000e+00
2.326100000000000000e+04 1.636200000000000000e+04 2.010600000000000000e+04 0.000000000000000000e+00 1.640000000000000000e+02 2.300000000000000000e+01 0.000000000000000000e+00 0.000000000000000000e+00 0.000000000000000000e+00
2.308300000000000000e+04 1.575000000000000000e+04 1.986000000000000000e+04 0.000000000000000000e+00 1.640000000000000000e+02 1.300000000000000000e+01 0.000000000000000000e+00 0.000000000000000000e+00 0.000000000000000000e+00
2.290900000000000000e+04 1.731000000000000000e+04 2.075300000000000000e+04 0.000000000000000000e+00 1.880000000000000000e+02 2.200000000000000000e+01 0.000000000000000000e+00 0.000000000000000000e+00 0.000000000000000000e+00
2.313600000000000000e+04 1.930200000000000000e+04 2.321100000000000000e+04 0.000000000000000000e+00 1.670000000000000000e+02 1.800000000000000000e+01 0.000000000000000000e+00 0.000000000000000000e+00 0.000000000000000000e+00
2.303500000000000000e+04 1.954800000000000000e+04 2.339300000000000000e+04 0.000000000000000000e+00 1.880000000000000000e+02 2.100000000000000000e+01 0.000000000000000000e+00 0.000000000000000000e+00 0.000000000000000000e+00
2.276200000000000000e+04 1.913300000000000000e+04 2.364900000000000000e+04 0.000000000000000000e+00 1.550000000000000000e+02 2.500000000000000000e+01 0.000000000000000000e+00 0.000000000000000000e+00 0.000000000000000000e+00
