2.289100000000000000e+04 1.849000000000000000e+04 2.263400000000000000e+04 0.000000000000000000e+00 1.720000000000000000e+02 2.000000000000000000e+01 0.000000000000000000e+00 0.000000000000000000e+00 0.000000000000000000e+00
2.253300000000000000e+04 1.882000000000000000e+04 2.275500000000000000e+04 0.000000000000000000e+00 1.480000000000000000e+02 2.600000000000000000e+01 0.000000000000000000e+00 0.000000000000000000e+00 0.000000000000000000e+00
2.266400000000000000e+04 1.841000000000000000e+04 2.260400000000000000e+04 0.000000000000000000e+00 1.760000000000000000e+02 2.300000000000000000e+01 0.000000000000000000e+00 0.000000000000000000e+00 0.000000000000000000e+00
2.256400000000000000e+04 1.778800000000000000e+04 2.197500000000000000e+04 0.000000000000000000e+00 1.700000000000000000e+02 1.800000000000000000e+01 0.000000000000000000e+00 0.000000000000000000e+00 0.000000000000000000e+00
2.281400000000000000e+04 1.692000000000000000e+04 2.104100000000000000e+04 0.000000000000000000e+00 1.640000000000000000e+02 2.400000000000000000e+01 0.000000000000000000e+00 0.000000000000000000e+00 0.000000000000000000e+00
2.289800000000000000e+04 1.686300000000000000e+04 2.086400000000000000e+04 0.000000000000000000e+00 1.560000000000000000e+02 2.600000000000000000e+01 0.000000000000000000e+00 0.000000000000000000e+00 0.000000000000000000e+00
2.260000000000000000e+04 1.707300000000000000e+04 2.105300000000000000e+04 0.000000000000000000e+00 1.860000000000000000e+02 2.500000000000000000e+01 0.000000000000000000e+00 0.000000000000000000e+00 0.000000000000000000e+00
2.269300000000000000e+04 1.720700000000000000e+04 2.169500000000000000e+04 0.000000000000000000e+00 1.640000000000000000e+02 2.800000000000000000e+01 0.000000000000000000e+00 0.000000000000000000e+00 0.000000000000000000e+00
2.264900000000000000e+04 1.780300000000000000e+04 2.162700000000000000e+04 0.000000000000000000e+00 1.690000000000000000e+02 2.300000000000000000e+01 0.000000000000000000e+00 0.000000000000000000e+00 0.000000000000000000e+00
2.293300000000000000e+04 1.681600000000000000e+04 2.093800000000000000e+04 0.000000000000000000e+00 1.500000000000000000e+02 2.300000000000000000e+01 0.000000000000000000e+00 0.000000000000000000e+00 0.000000000000000000e+00
2.282700000000000000e+04 1.720900000000000000e+04 2.154900000000000000e+04 0.000000000000000000e+00 1.780000000000000000e+02 3.200000000000000000e+01 0.000000000000000000e+00 0.000000000000000000e+00 0.000000000000000000e+00
2.276200000000000000e+04 1.695500000000000000e+04 2.121200000000000000e+04 0.000000000000000000e+00 1.660000000000000000e+02 2.400000000000000000e+01 0.000000000000000000e+00 0.000000000000000000e+00 0.000000000000000000e+00
2.283400000000000000e+04 1.686100000000000000e+04 2.046000000000000000e+04 0.000000000000000000e+00 1.810000000000000000e+02 2.700000000000000000e+01 0.000000000000000000e+00 0.000000000000000000e+00 0.000000000000000000e+00
2.256600000000000000e+04 1.798800000000000000e+04 2.168100000000000000e+04 0.000000000000000000e+00 1.630000000000000000e+02 2.100000000000000000e+01 0.000000000000000000e+00 0.000000000000000000e+00 0.000000000000000000e+00
2.251400000000000000e+04 1.736100000000000000e+04 2.092000000000000000e+04 0.000000000000000000e+00 1.790000000000000000e+02 2.300000000000000000e+01 0.000000000000000000e+00 0.000000000000000000e+00 0.000000000000000000e+00
