2.273100000000000000e+04 1.730100000000000000e+04 2.147100000000000000e+04 0.000000000000000000e+00 1.960000000000000000e+02 1.400000000000000000e+01 0.000000000000000000e+00 0.000000000000000000e+00 0.000000000000000000e+00
2.278400000000000000e+04 1.785000000000000000e+04 2.188000000000000000e+04 0.000000000000000000e+00 1.660000000000000000e+02 1.800000000000000000e+01 0.000000000000000000e+00 0.000000000000000000e+00 0.000000000000000000e+00
2.273100000000000000e+04 1.766700000000000000e+04 2.182300000000000000e+04 0.000000000000000000e+00 1.670000000000000000e+02 2.200000000000000000e+01 0.000000000000000000e+00 0.000000000000000000e+00 0.000000000000000000e+00
2.252100000000000000e+04 1.775600000000000000e+04 2.179600000000000000e+04 0.000000000000000000e+00 1.690000000000000000e+02 1.700000000000000000e+01 0.000000000000000000e+00 0.000000000000000000e+00 0.000000000000000000e+00
2.260200000000000000e+04 1.769900000000000000e+04 2.176900000000000000e+04 0.000000000000000000e+00 1.630000000000000000e+02 1.200000000000000000e+01 0.000000000000000000e+00 0.000000000000000000e+00 0.000000000000000000e+00
2.268400000000000000e+04 1.739200000000000000e+04 2.155600000000000000e+04 0.000000000000000000e+00 1.920000000000000000e+02 1.200000000000000000e+01 0.000000000000000000e+00 0.000000000000000000e+00 0.000000000000000000e+00
2.287600000000000000e+04 1.753200000000000000e+04 2.150600000000000000e+04 0.000000000000000000e+00 1.950000000000000000e+02 1.000000000000000000e+01 0.000000000000000000e+00 0.000000000000000000e+00 0.000000000000000000e+00
2.288300000000000000e+04 1.738700000000000000e+04 2.163500000000000000e+04 0.000000000000000000e+00 1.810000000000000000e+02 1.800000000000000000e+01 0.000000000000000000e+00 0.000000000000000000e+00 0.000000000000000000e+00
2.289400000000000000e+04 1.737900000000000000e+04 2.127300000000000000e+04 0.000000000000000000e+00 1.920000000000000000e+02 2.200000000000000000e+01 0.000000000000000000e+00 0.000000000000000000e+00 0.000000000000000000e+00
2.252100000000000000e+04 1.707700000000000000e+04 2.107800000000000000e+04 0.000000000000000000e+00 1.830000000000000000e+02 1.700000000000000000e+01 0.000000000000000000e+00 0.000000000000000000e+00 0.000000000000000000e+00
2.278200000000000000e+04 1.700900000000000000e+04 2.080400000000000000e+04 0.000000000000000000e+00 1.800000000000000000e+02 2.000000000000000000e+01 0.000000000000000000e+00 0.000000000000000000e+00 0.000000000000000000e+00
2.272400000000000000e+04 1.663600000000000000e+04 2.034900000000000000e+04 0.000000000000000000e+00 1.810000000000000000e+02 1.700000000000000000e+01 0.000000000000000000e+00 0.000000000000000000e+00 0.000000000000000000e+00
2.258900000000000000e+04 1.673000000000000000e+04 2.022600000000000000e+04 0.000000000000000000e+00 1.780000000000000000e+02 9.000000000000000000e+00 0.000000000000000000e+00 0.000000000000000000e+00 0.000000000000000000e+00
2.271400000000000000e+04 1.642700000000000000e+04 2.038100000000000000e+04 0.000000000000000000e+00 1.810000000000000000e+02 2.200000000000000000e+01 0.000000000000000000e+00 0.000000000000000000e+00 0.000000000000000000e+00
2.294500000000000000e+04 1.634200000000000000e+04 2.016900000000000000e+04 0.000000000000000000e+00 1.900000000000000000e+02 1.200000000000000000e+01 0.000000000000000000e+00 0.000000000000000000e+00 0.000000000000000000e+00
