2.293300000000000000e+04 1.577200000000000000e+04 1.648000000000000000e+04 0.000000000000000000e+00 1.300000000000000000e+01 1.970000000000000000e+02 0.000000000000000000e+00 0.000000000000000000e+00 0.000000000000000000e+00
2.257700000000000000e+04 1.551700000000000000e+04 1.650600000000000000e+04 0.000000000000000000e+00 1.100000000000000000e+01 1.970000000000000000e+02 0.000000000000000000e+00 0.000000000000000000e+00 0.000000000000000000e+00
2.291200000000000000e+04 1.458200000000000000e+04 1.552900000000000000e+04 0.000000000000000000e+00 9.000000000000000000e+00 1.860000000000000000e+02 0.000000000000000000e+00 0.000000000000000000e+00 0.000000000000000000e+00
2.273600000000000000e+04 1.500900000000000000e+04 1.600100000000000000e+04 0.000000000000000000e+00 1.500000000000000000e+01 1.760000000000000000e+02 0.000000000000000000e+00 0.000000000000000000e+00 0.000000000000000000e+00
2.283600000000000000e+04 1.507900000000000000e+04 1.612100000000000000e+04 0.000000000000000000e+00 1.400000000000000000e+01 1.740000000000000000e+02 0.000000000000000000e+00 0.000000000000000000e+00 0.000000000000000000e+00
2.259900000000000000e+04 1.533600000000000000e+04 1.634000000000000000e+04 0.000000000000000000e+00 1.600000000000000000e+01 1.620000000000000000e+02 0.000000000000000000e+00 0.000000000000000000e+00 0.000000000000000000e+00
2.284200000000000000e+04 1.513600000000000000e+04 1.580300000000000000e+04 0.000000000000000000e+00 5.000000000000000000e+00 2.030000000000000000e+02 0.000000000000000000e+00 0.000000000000000000e+00 1.000000000000000000e+00
2.283400000000000000e+04 1.490400000000000000e+04 1.601900000000000000e+04 0.000000000000000000e+00 1.500000000000000000e+01 1.760000000000000000e+02 0.000000000000000000e+00 0.000000000000000000e+00 0.000000000000000000e+00
2.269700000000000000e+04 1.490400000000000000e+04 1.629900000000000000e+04 0.000000000000000000e+00 1.400000000000000000e+01 1.610000000000000000e+02 0.000000000000000000e+00 0.000000000000000000e+00 0.000000000000000000e+00
2.277800000000000000e+04 1.532500000000000000e+04 1.621500000000000000e+04 0.000000000000000000e+00 1.600000000000000000e+01 1.690000000000000000e+02 0.000000000000000000e+00 0.000000000000000000e+00 0.000000000000000000e+00
2.289800000000000000e+04 1.528800000000000000e+04 1.603800000000000000e+04 0.000000000000000000e+00 1.000000000000000000e+01 1.600000000000000000e+02 0.000000000000000000e+00 0.000000000000000000e+00 0.000000000000000000e+00
2.307700000000000000e+04 1.534800000000000000e+04 1.621200000000000000e+04 0.000000000000000000e+00 1.000000000000000000e+01 1.770000000000000000e+02 0.000000000000000000e+00 0.000000000000000000e+00 0.000000000000000000e+00
2.288000000000000000e+04 1.519600000000000000e+04 1.621400000000000000e+04 0.000000000000000000e+00 1.300000000000000000e+01 1.870000000000000000e+02 0.000000000000000000e+00 0.000000000000000000e+00 0.000000000000000000e+00
2.297700000000000000e+04 1.515300000000000000e+04 1.619100000000000000e+04 0.000000000000000000e+00 1.000000000000000000e+01 1.830000000000000000e+02 0.000000000000000000e+00 0.000000000000000000e+00 0.000000000000000000e+00
2.262200000000000000e+04 1.386500000000000000e+04 1.485600000000000000e+04 0.000000000000000000e+00 1.200000000000000000e+01 1.670000000000000000e+02 0.000000000000000000e+00 0.000000000000000000e+00 0.000000000000000000e+00
