2.295900000000000000e+04 1.693100000000000000e+04 2.123900000000000000e+04 0.000000000000000000e+00 1.860000000000000000e+02 1.800000000000000000e+01 0.000000000000000000e+00 0.000000000000000000e+00 0.000000000000000000e+00
2.285000000000000000e+04 1.687900000000000000e+04 2.137900000000000000e+04 0.000000000000000000e+00 1.710000000000000000e+02 1.900000000000000000e+01 0.000000000000000000e+00 0.000000000000000000e+00 0.000000000000000000e+00
2.263900000000000000e+04 1.675400000000000000e+04 2.097900000000000000e+04 0.000000000000000000e+00 1.930000000000000000e+02 1.500000000000000000e+01 0.000000000000000000e+00 0.000000000000000000e+00 0.000000000000000000e+00
2.296200000000000000e+04 1.702100000000000000e+04 2.117200000000000000e+04 0.000000000000000000e+00 1.830000000000000000e+02 2.200000000000000000e+01 0.000000000000000000e+00 0.000000000000000000e+00 1.000000000000000000e+00
2.285100000000000000e+04 1.717700000000000000e+04 2.109000000000000000e+04 0.000000000000000000e+00 1.770000000000000000e+02 2.300000000000000000e+01 0.000000000000000000e+00 0.000000000000000000e+00 0.000000000000000000e+00
2.268900000000000000e+04 1.693500000000000000e+04 2.127400000000000000e+04 0.000000000000000000e+00 1.950000000000000000e+02 1.800000000000000000e+01 0.000000000000000000e+00 0.000000000000000000e+00 0.000000000000000000e+00
2.269800000000000000e+04 1.643400000000000000e+04 2.073500000000000000e+04 0.000000000000000000e+00 1.800000000000000000e+02 2.300000000000000000e+01 0.000000000000000000e+00 0.000000000000000000e+00 1.000000000000000000e+00
2.255700000000000000e+04 1.684800000000000000e+04 2.117400000000000000e+04 0.000000000000000000e+00 1.850000000000000000e+02 1.800000000000000000e+01 0.000000000000000000e+00 0.000000000000000000e+00 1.000000000000000000e+00
2.271700000000000000e+04 1.727200000000000000e+04 2.097600000000000000e+04 0.000000000000000000e+00 1.960000000000000000e+02 1.500000000000000000e+01 0.000000000000000000e+00 0.000000000000000000e+00 1.000000000000000000e+00
2.258500000000000000e+04 1.680100000000000000e+04 2.107900000000000000e+04 0.000000000000000000e+00 1.730000000000000000e+02 2.700000000000000000e+01 0.000000000000000000e+00 0.000000000000000000e+00 0.000000000000000000e+00
2.259300000000000000e+04 1.690300000000000000e+04 2.073400000000000000e+04 0.000000000000000000e+00 1.670000000000000000e+02 3.900000000000000000e+01 0.000000000000000000e+00 0.000000000000000000e+00 0.000000000000000000e+00
2.248300000000000000e+04 1.690700000000000000e+04 2.063900000000000000e+04 0.000000000000000000e+00 1.620000000000000000e+02 3.100000000000000000e+01 0.000000000000000000e+00 0.000000000000000000e+00 0.000000000000000000e+00
2.269300000000000000e+04 1.649000000000000000e+04 2.048700000000000000e+04 0.000000000000000000e+00 1.600000000000000000e+02 3.100000000000000000e+01 0.000000000000000000e+00 0.000000000000000000e+00 1.000000000000000000e+00
2.256900000000000000e+04 1.642900000000000000e+04 2.065200000000000000e+04 0.000000000000000000e+00 1.750000000000000000e+02 4.400000000000000000e+01 0.000000000000000000e+00 0.000000000000000000e+00 0.000000000000000000e+00
2.251700000000000000e+04 1.675000000000000000e+04 2.046700000000000000e+04 0.000000000000000000e+00 1.630000000000000000e+02 5.100000000000000000e+01 0.000000000000000000e+00 0.000000000000000000e+00 0.000000000000000000e+00
