2.241000000000000000e+04 1.513300000000000000e+04 1.582200000000000000e+04 0.000000000000000000e+00 1.200000000000000000e+01 2.020000000000000000e+02 0.000000000000000000e+00 0.000000000000000000e+00 0.000000000000000000e+00
2.241100000000000000e+04 1.464800000000000000e+04 1.516400000000000000e+04 0.000000000000000000e+00 1.500000000000000000e+01 1.910000000000000000e+02 0.000000000000000000e+00 0.000000000000000000e+00 0.000000000000000000e+00
2.247900000000000000e+04 1.508600000000000000e+04 1.613200000000000000e+04 0.000000000000000000e+00 1.600000000000000000e+01 1.790000000000000000e+02 0.000000000000000000e+00 0.000000000000000000e+00 0.000000000000000000e+00
2.253700000000000000e+04 1.392300000000000000e+04 1.518900000000000000e+04 0.000000000000000000e+00 1.400000000000000000e+01 1.780000000000000000e+02 0.000000000000000000e+00 0.000000000000000000e+00 0.000000000000000000e+00
2.263300000000000000e+04 1.447200000000000000e+04 1.516500000000000000e+04 0.000000000000000000e+00 1.900000000000000000e+01 2.060000000000000000e+02 0.000000000000000000e+00 0.000000000000000000e+00 1.000000000000000000e+00
2.215200000000000000e+04 1.430100000000000000e+04 1.501200000000000000e+04 0.000000000000000000e+00 2.200000000000000000e+01 1.810000000000000000e+02 0.000000000000000000e+00 0.000000000000000000e+00 0.000000000000000000e+00
2.229100000000000000e+04 1.441800000000000000e+04 1.509200000000000000e+04 0.000000000000000000e+00 9.000000000000000000e+00 1.870000000000000000e+02 0.000000000000000000e+00 0.000000000000000000e+00 0.000000000000000000e+00
2.296700000000000000e+04 1.425400000000000000e+04 1.458900000000000000e+04 0.000000000000000000e+00 1.000000000000000000e+01 1.860000000000000000e+02 0.000000000000000000e+00 0.000000000000000000e+00 0.000000000000000000e+00
2.268500000000000000e+04 1.402700000000000000e+04 1.466000000000000000e+04 0.000000000000000000e+00 1.300000000000000000e+01 1.850000000000000000e+02 0.000000000000000000e+00 0.000000000000000000e+00 0.000000000000000000e+00
2.275200000000000000e+04 1.395100000000000000e+04 1.452700000000000000e+04 0.000000000000000000e+00 1.800000000000000000e+01 1.730000000000000000e+02 0.000000000000000000e+00 0.000000000000000000e+00 0.000000000000000000e+00
2.244800000000000000e+04 1.390600000000000000e+04 1.465300000000000000e+04 0.000000000000000000e+00 2.100000000000000000e+01 1.820000000000000000e+02 0.000000000000000000e+00 0.000000000000000000e+00 0.000000000000000000e+00
2.248900000000000000e+04 1.400400000000000000e+04 1.469700000000000000e+04 0.000000000000000000e+00 2.000000000000000000e+01 1.620000000000000000e+02 0.000000000000000000e+00 0.000000000000000000e+00 0.000000000000000000e+00
2.247900000000000000e+04 1.378500000000000000e+04 1.462300000000000000e+04 0.000000000000000000e+00 1.600000000000000000e+01 1.670000000000000000e+02 0.000000000000000000e+00 0.000000000000000000e+00 0.000000000000000000e+00
2.265800000000000000e+04 1.399500000000000000e+04 1.450500000000000000e+04 0.000000000000000000e+00 1.300000000000000000e+01 1.820000000000000000e+02 0.000000000000000000e+00 0.000000000000000000e+00 0.000000000000000000e+00
2.245500000000000000e+04 1.394100000000000000e+04 1.479800000000000000e+04 0.000000000000000000e+00 2.100000000000000000e+01 1.810000000000000000e+02 0.000000000000000000e+00 0.000000000000000000e+00 0.000000000000000000e+00
