2.269300000000000000e+04 1.543100000000000000e+04 1.693200000000000000e+04 0.000000000000000000e+00 5.000000000000000000e+01 1.790000000000000000e+02 0.000000000000000000e+00 0.000000000000000000e+00 0.000000000000000000e+00
2.247800000000000000e+04 1.516000000000000000e+04 1.654500000000000000e+04 0.000000000000000000e+00 6.100000000000000000e+01 1.510000000000000000e+02 0.000000000000000000e+00 0.000000000000000000e+00 1.000000000000000000e+00
2.250500000000000000e+04 1.529500000000000000e+04 1.681000000000000000e+04 0.000000000000000000e+00 4.100000000000000000e+01 1.500000000000000000e+02 0.000000000000000000e+00 0.000000000000000000e+00 1.000000000000000000e+00
2.241200000000000000e+04 1.534400000000000000e+04 1.671500000000000000e+04 0.000000000000000000e+00 3.700000000000000000e+01 1.860000000000000000e+02 0.000000000000000000e+00 0.000000000000000000e+00 0.000000000000000000e+00
2.252600000000000000e+04 1.550800000000000000e+04 1.678800000000000000e+04 0.000000000000000000e+00 5.100000000000000000e+01 1.660000000000000000e+02 0.000000000000000000e+00 0.000000000000000000e+00 0.000000000000000000e+00
2.268600000000000000e+04 1.547700000000000000e+04 1.677500000000000000e+04 0.000000000000000000e+00 5.200000000000000000e+01 1.400000000000000000e+02 0.000000000000000000e+00 0.000000000000000000e+00 0.000000000000000000e+00
2.249400000000000000e+04 1.539400000000000000e+04 1.698600000000000000e+04 0.000000000000000000e+00 5.800000000000000000e+01 1.720000000000000000e+02 0.000000000000000000e+00 0.000000000000000000e+00 0.000000000000000000e+00
2.245000000000000000e+04 1.542800000000000000e+04 1.683900000000000000e+04 0.000000000000000000e+00 4.900000000000000000e+01 1.920000000000000000e+02 0.000000000000000000e+00 0.000000000000000000e+00 0.000000000000000000e+00
2.240000000000000000e+04 1.524000000000000000e+04 1.688700000000000000e+04 0.000000000000000000e+00 4.800000000000000000e+01 1.820000000000000000e+02 0.000000000000000000e+00 0.000000000000000000e+00 0.000000000000000000e+00
2.216000000000000000e+04 1.532400000000000000e+04 1.682500000000000000e+04 0.000000000000000000e+00 4.400000000000000000e+01 1.640000000000000000e+02 0.000000000000000000e+00 0.000000000000000000e+00 0.000000000000000000e+00
2.261500000000000000e+04 1.537500000000000000e+04 1.674900000000000000e+04 0.000000000000000000e+00 5.300000000000000000e+01 1.570000000000000000e+02 0.000000000000000000e+00 0.000000000000000000e+00 0.000000000000000000e+00
2.256900000000000000e+04 1.597800000000000000e+04 1.717700000000000000e+04 0.000000000000000000e+00 5.900000000000000000e+01 1.720000000000000000e+02 0.000000000000000000e+00 0.000000000000000000e+00 0.000000000000000000e+00
2.249500000000000000e+04 1.655100000000000000e+04 1.760800000000000000e+04 0.000000000000000000e+00 4.600000000000000000e+01 1.710000000000000000e+02 0.000000000000000000e+00 0.000000000000000000e+00 0.000000000000000000e+00
2.253400000000000000e+04 1.574300000000000000e+04 1.709100000000000000e+04 0.000000000000000000e+00 3.800000000000000000e+01 1.540000000000000000e+02 0.000000000000000000e+00 0.000000000000000000e+00 0.000000000000000000e+00
2.236400000000000000e+04 1.561700000000000000e+04 1.704600000000000000e+04 0.000000000000000000e+00 3.900000000000000000e+01 1.600000000000000000e+02 0.000000000000000000e+00 0.000000000000000000e+00 0.000000000000000000e+00
