2.295600000000000000e+04 1.468100000000000000e+04 1.567000000000000000e+04 0.000000000000000000e+00 2.500000000000000000e+01 1.680000000000000000e+02 0.000000000000000000e+00 0.000000000000000000e+00 0.000000000000000000e+00
2.283400000000000000e+04 1.475100000000000000e+04 1.537500000000000000e+04 0.000000000000000000e+00 2.500000000000000000e+01 1.540000000000000000e+02 0.000000000000000000e+00 0.000000000000000000e+00 0.000000000000000000e+00
2.300000000000000000e+04 1.473500000000000000e+04 1.546000000000000000e+04 0.000000000000000000e+00 2.400000000000000000e+01 1.630000000000000000e+02 0.000000000000000000e+00 0.000000000000000000e+00 0.000000000000000000e+00
2.270600000000000000e+04 1.449400000000000000e+04 1.544100000000000000e+04 0.000000000000000000e+00 3.000000000000000000e+01 1.590000000000000000e+02 0.000000000000000000e+00 0.000000000000000000e+00 0.000000000000000000e+00
2.269600000000000000e+04 1.438500000000000000e+04 1.522300000000000000e+04 0.000000000000000000e+00 3.000000000000000000e+01 1.670000000000000000e+02 0.000000000000000000e+00 0.000000000000000000e+00 0.000000000000000000e+00
2.297700000000000000e+04 1.427800000000000000e+04 1.561100000000000000e+04 0.000000000000000000e+00 3.400000000000000000e+01 1.900000000000000000e+02 0.000000000000000000e+00 0.000000000000000000e+00 0.000000000000000000e+00
2.278600000000000000e+04 1.497800000000000000e+04 1.618300000000000000e+04 0.000000000000000000e+00 2.300000000000000000e+01 1.770000000000000000e+02 0.000000000000000000e+00 0.000000000000000000e+00 0.000000000000000000e+00
2.297800000000000000e+04 1.504000000000000000e+04 1.618400000000000000e+04 0.000000000000000000e+00 2.600000000000000000e+01 1.790000000000000000e+02 0.000000000000000000e+00 0.000000000000000000e+00 0.000000000000000000e+00
2.298600000000000000e+04 1.496600000000000000e+04 1.608300000000000000e+04 0.000000000000000000e+00 2.100000000000000000e+01 1.730000000000000000e+02 0.000000000000000000e+00 0.000000000000000000e+00 0.000000000000000000e+00
2.319300000000000000e+04 1.491100000000000000e+04 1.608500000000000000e+04 0.000000000000000000e+00 3.200000000000000000e+01 1.590000000000000000e+02 0.000000000000000000e+00 0.000000000000000000e+00 0.000000000000000000e+00
2.271700000000000000e+04 1.477700000000000000e+04 1.598800000000000000e+04 0.000000000000000000e+00 1.800000000000000000e+01 1.650000000000000000e+02 0.000000000000000000e+00 0.000000000000000000e+00 0.000000000000000000e+00
2.262400000000000000e+04 1.495600000000000000e+04 1.629500000000000000e+04 0.000000000000000000e+00 2.700000000000000000e+01 1.720000000000000000e+02 0.000000000000000000e+00 0.000000000000000000e+00 0.000000000000000000e+00
2.276800000000000000e+04 1.518300000000000000e+04 1.628400000000000000e+04 0.000000000000000000e+00 3.200000000000000000e+01 1.860000000000000000e+02 0.000000000000000000e+00 0.000000000000000000e+00 0.000000000000000000e+00
2.295900000000000000e+04 1.489200000000000000e+04 1.594800000000000000e+04 0.000000000000000000e+00 3.200000000000000000e+01 1.630000000000000000e+02 0.000000000000000000e+00 0.000000000000000000e+00 0.000000000000000000e+00
2.284000000000000000e+04 1.479600000000000000e+04 1.591000000000000000e+04 0.000000000000000000e+00 3.300000000000000000e+01 1.570000000000000000e+02 0.000000000000000000e+00 0.000000000000000000e+00 0.000000000000000000e+00
