2.285100000000000000e+04 1.354900000000000000e+04 1.441100000000000000e+04 0.000000000000000000e+00 6.000000000000000000e+00 1.960000000000000000e+02 0.000000000000000000e+00 0.000000000000000000e+00 0.000000000000000000e+00
2.295000000000000000e+04 1.377200000000000000e+04 1.438500000000000000e+04 0.000000000000000000e+00 7.000000000000000000e+00 2.000000000000000000e+02 0.000000000000000000e+00 0.000000000000000000e+00 0.000000000000000000e+00
2.319800000000000000e+04 1.377400000000000000e+04 1.444500000000000000e+04 0.000000000000000000e+00 5.000000000000000000e+00 1.810000000000000000e+02 0.000000000000000000e+00 0.000000000000000000e+00 0.000000000000000000e+00
2.301500000000000000e+04 1.377600000000000000e+04 1.439100000000000000e+04 0.000000000000000000e+00 6.000000000000000000e+00 1.780000000000000000e+02 0.000000000000000000e+00 0.000000000000000000e+00 0.000000000000000000e+00
2.290600000000000000e+04 1.371600000000000000e+04 1.422500000000000000e+04 0.000000000000000000e+00 4.000000000000000000e+00 1.860000000000000000e+02 0.000000000000000000e+00 0.000000000000000000e+00 0.000000000000000000e+00
2.289700000000000000e+04 1.351900000000000000e+04 1.414300000000000000e+04 0.000000000000000000e+00 4.000000000000000000e+00 2.060000000000000000e+02 0.000000000000000000e+00 0.000000000000000000e+00 0.000000000000000000e+00
2.301800000000000000e+04 1.361200000000000000e+04 1.428400000000000000e+04 0.000000000000000000e+00 5.000000000000000000e+00 1.880000000000000000e+02 0.000000000000000000e+00 0.000000000000000000e+00 0.000000000000000000e+00
2.281400000000000000e+04 1.363300000000000000e+04 1.444300000000000000e+04 0.000000000000000000e+00 1.000000000000000000e+01 1.730000000000000000e+02 0.000000000000000000e+00 0.000000000000000000e+00 0.000000000000000000e+00
2.286500000000000000e+04 1.372100000000000000e+04 1.427000000000000000e+04 0.000000000000000000e+00 1.000000000000000000e+01 1.850000000000000000e+02 0.000000000000000000e+00 0.000000000000000000e+00 0.000000000000000000e+00
2.297500000000000000e+04 1.385000000000000000e+04 1.451500000000000000e+04 0.000000000000000000e+00 9.000000000000000000e+00 1.960000000000000000e+02 0.000000000000000000e+00 0.000000000000000000e+00 0.000000000000000000e+00
2.304500000000000000e+04 1.385200000000000000e+04 1.466600000000000000e+04 0.000000000000000000e+00 8.000000000000000000e+00 1.850000000000000000e+02 0.000000000000000000e+00 0.000000000000000000e+00 0.000000000000000000e+00
2.318900000000000000e+04 1.400400000000000000e+04 1.443500000000000000e+04 0.000000000000000000e+00 6.000000000000000000e+00 1.810000000000000000e+02 0.000000000000000000e+00 0.000000000000000000e+00 0.000000000000000000e+00
2.291800000000000000e+04 1.388500000000000000e+04 1.492700000000000000e+04 0.000000000000000000e+00 7.000000000000000000e+00 2.130000000000000000e+02 0.000000000000000000e+00 0.000000000000000000e+00 0.000000000000000000e+00
2.303000000000000000e+04 1.381600000000000000e+04 1.483600000000000000e+04 0.000000000000000000e+00 1.100000000000000000e+01 1.830000000000000000e+02 0.000000000000000000e+00 0.000000000000000000e+00 0.000000000000000000e+00
2.306800000000000000e+04 1.413300000000000000e+04 1.500700000000000000e+04 0.000000000000000000e+00 3.000000000000000000e+00 1.570000000000000000e+02 0.000000000000000000e+00 0.000000000000000000e+00 0.000000000000000000e+00
