2.273300000000000000e+04 1.521900000000000000e+04 1.603300000000000000e+04 0.000000000000000000e+00 2.100000000000000000e+01 1.720000000000000000e+02 0.000000000000000000e+00 0.000000000000000000e+00 0.000000000000000000e+00
2.264100000000000000e+04 1.507800000000000000e+04 1.614100000000000000e+04 0.000000000000000000e+00 2.500000000000000000e+01 1.690000000000000000e+02 0.000000000000000000e+00 0.000000000000000000e+00 0.000000000000000000e+00
2.277200000000000000e+04 1.533700000000000000e+04 1.625600000000000000e+04 0.000000000000000000e+00 3.000000000000000000e+01 1.680000000000000000e+02 0.000000000000000000e+00 0.000000000000000000e+00 0.000000000000000000e+00
2.272800000000000000e+04 1.534200000000000000e+04 1.616600000000000000e+04 0.000000000000000000e+00 2.100000000000000000e+01 1.900000000000000000e+02 0.000000000000000000e+00 0.000000000000000000e+00 0.000000000000000000e+00
2.220700000000000000e+04 1.553300000000000000e+04 1.636000000000000000e+04 0.000000000000000000e+00 2.000000000000000000e+01 1.760000000000000000e+02 0.000000000000000000e+00 0.000000000000000000e+00 0.000000000000000000e+00
2.243400000000000000e+04 1.478900000000000000e+04 1.544100000000000000e+04 0.000000000000000000e+00 2.000000000000000000e+01 1.720000000000000000e+02 0.000000000000000000e+00 0.000000000000000000e+00 0.000000000000000000e+00
2.259800000000000000e+04 1.490200000000000000e+04 1.569800000000000000e+04 0.000000000000000000e+00 2.500000000000000000e+01 2.090000000000000000e+02 0.000000000000000000e+00 0.000000000000000000e+00 0.000000000000000000e+00
2.241400000000000000e+04 1.489900000000000000e+04 1.611900000000000000e+04 0.000000000000000000e+00 1.400000000000000000e+01 1.980000000000000000e+02 0.000000000000000000e+00 0.000000000000000000e+00 0.000000000000000000e+00
2.231000000000000000e+04 1.509100000000000000e+04 1.631000000000000000e+04 0.000000000000000000e+00 1.500000000000000000e+01 1.660000000000000000e+02 0.000000000000000000e+00 0.000000000000000000e+00 0.000000000000000000e+00
2.221800000000000000e+04 1.445000000000000000e+04 1.572300000000000000e+04 0.000000000000000000e+00 1.800000000000000000e+01 1.750000000000000000e+02 0.000000000000000000e+00 0.000000000000000000e+00 0.000000000000000000e+00
2.229400000000000000e+04 1.508000000000000000e+04 1.629300000000000000e+04 0.000000000000000000e+00 3.100000000000000000e+01 1.670000000000000000e+02 0.000000000000000000e+00 0.000000000000000000e+00 0.000000000000000000e+00
2.265700000000000000e+04 1.443400000000000000e+04 1.550300000000000000e+04 0.000000000000000000e+00 2.100000000000000000e+01 1.720000000000000000e+02 0.000000000000000000e+00 0.000000000000000000e+00 0.000000000000000000e+00
2.272600000000000000e+04 1.407200000000000000e+04 1.519300000000000000e+04 0.000000000000000000e+00 2.800000000000000000e+01 1.830000000000000000e+02 0.000000000000000000e+00 0.000000000000000000e+00 0.000000000000000000e+00
2.223300000000000000e+04 1.434100000000000000e+04 1.521300000000000000e+04 0.000000000000000000e+00 2.500000000000000000e+01 1.810000000000000000e+02 0.000000000000000000e+00 0.000000000000000000e+00 0.000000000000000000e+00
2.246200000000000000e+04 1.456500000000000000e+04 1.557200000000000000e+04 0.000000000000000000e+00 4.200000000000000000e+01 1.800000000000000000e+02 0.000000000000000000e+00 0.000000000000000000e+00 0.000000000000000000e+00
