2.231800000000000000e+04 1.385500000000000000e+04 1.477400000000000000e+04 0.000000000000000000e+00 9.000000000000000000e+00 1.830000000000000000e+02 0.000000000000000000e+00 0.000000000000000000e+00 0.000000000000000000e+00
2.261300000000000000e+04 1.366900000000000000e+04 1.466000000000000000e+04 0.000000000000000000e+00 1.100000000000000000e+01 2.160000000000000000e+02 0.000000000000000000e+00 0.000000000000000000e+00 0.000000000000000000e+00
2.255300000000000000e+04 1.356000000000000000e+04 1.461600000000000000e+04 0.000000000000000000e+00 6.000000000000000000e+00 1.880000000000000000e+02 0.000000000000000000e+00 0.000000000000000000e+00 0.000000000000000000e+00
2.268600000000000000e+04 1.393600000000000000e+04 1.477300000000000000e+04 0.000000000000000000e+00 9.000000000000000000e+00 2.000000000000000000e+02 0.000000000000000000e+00 0.000000000000000000e+00 0.000000000000000000e+00
2.248400000000000000e+04 1.503400000000000000e+04 1.590400000000000000e+04 0.000000000000000000e+00 5.000000000000000000e+00 2.130000000000000000e+02 0.000000000000000000e+00 0.000000000000000000e+00 0.000000000000000000e+00
2.254900000000000000e+04 1.452600000000000000e+04 1.488900000000000000e+04 0.000000000000000000e+00 5.000000000000000000e+00 1.780000000000000000e+02 0.000000000000000000e+00 0.000000000000000000e+00 0.000000000000000000e+00
2.256200000000000000e+04 1.367800000000000000e+04 1.456200000000000000e+04 0.000000000000000000e+00 7.000000000000000000e+00 1.770000000000000000e+02 0.000000000000000000e+00 0.000000000000000000e+00 0.000000000000000000e+00
2.260000000000000000e+04 1.407500000000000000e+04 1.428500000000000000e+04 0.000000000000000000e+00 9.000000000000000000e+00 1.910000000000000000e+02 0.000000000000000000e+00 0.000000000000000000e+00 0.000000000000000000e+00
2.252400000000000000e+04 1.420100000000000000e+04 1.466800000000000000e+04 0.000000000000000000e+00 7.000000000000000000e+00 1.910000000000000000e+02 0.000000000000000000e+00 0.000000000000000000e+00 0.000000000000000000e+00
2.272900000000000000e+04 1.496500000000000000e+04 1.550700000000000000e+04 0.000000000000000000e+00 2.000000000000000000e+00 2.250000000000000000e+02 0.000000000000000000e+00 0.000000000000000000e+00 1.000000000000000000e+00
2.264800000000000000e+04 1.487500000000000000e+04 1.532000000000000000e+04 0.000000000000000000e+00 9.000000000000000000e+00 1.940000000000000000e+02 0.000000000000000000e+00 0.000000000000000000e+00 0.000000000000000000e+00
2.247300000000000000e+04 1.472400000000000000e+04 1.529300000000000000e+04 0.000000000000000000e+00 5.000000000000000000e+00 2.170000000000000000e+02 0.000000000000000000e+00 0.000000000000000000e+00 0.000000000000000000e+00
2.251100000000000000e+04 1.409200000000000000e+04 1.435600000000000000e+04 0.000000000000000000e+00 7.000000000000000000e+00 1.830000000000000000e+02 0.000000000000000000e+00 0.000000000000000000e+00 0.000000000000000000e+00
2.265900000000000000e+04 1.446600000000000000e+04 1.497200000000000000e+04 0.000000000000000000e+00 5.000000000000000000e+00 1.980000000000000000e+02 0.000000000000000000e+00 0.000000000000000000e+00 0.000000000000000000e+00
2.237100000000000000e+04 1.552300000000000000e+04 1.620100000000000000e+04 0.000000000000000000e+00 7.000000000000000000e+00 1.850000000000000000e+02 0.000000000000000000e+00 0.000000000000000000e+00 0.000000000000000000e+00
