2.269000000000000000e+04 1.476300000000000000e+04 1.653600000000000000e+04 0.000000000000000000e+00 5.900000000000000000e+01 1.610000000000000000e+02 0.000000000000000000e+00 0.000000000000000000e+00 0.000000000000000000e+00
2.239000000000000000e+04 1.480800000000000000e+04 1.641500000000000000e+04 0.000000000000000000e+00 7.200000000000000000e+01 1.220000000000000000e+02 0.000000000000000000e+00 0.000000000000000000e+00 0.000000000000000000e+00
2.248100000000000000e+04 1.439400000000000000e+04 1.625800000000000000e+04 0.000000000000000000e+00 6.200000000000000000e+01 1.550000000000000000e+02 0.000000000000000000e+00 0.000000000000000000e+00 0.000000000000000000e+00
2.243900000000000000e+04 1.447500000000000000e+04 1.608800000000000000e+04 0.000000000000000000e+00 6.700000000000000000e+01 1.360000000000000000e+02 0.000000000000000000e+00 0.000000000000000000e+00 0.000000000000000000e+00
2.258600000000000000e+04 1.440900000000000000e+04 1.624000000000000000e+04 0.000000000000000000e+00 6.700000000000000000e+01 1.410000000000000000e+02 0.000000000000000000e+00 0.000000000000000000e+00 0.000000000000000000e+00
2.239700000000000000e+04 1.448500000000000000e+04 1.655200000000000000e+04 0.000000000000000000e+00 8.300000000000000000e+01 1.420000000000000000e+02 0.000000000000000000e+00 0.000000000000000000e+00 0.000000000000000000e+00
2.241500000000000000e+04 1.471200000000000000e+04 1.620900000000000000e+04 0.000000000000000000e+00 6.600000000000000000e+01 1.460000000000000000e+02 0.000000000000000000e+00 0.000000000000000000e+00 0.000000000000000000e+00
2.233100000000000000e+04 1.504900000000000000e+04 1.701700000000000000e+04 0.000000000000000000e+00 6.600000000000000000e+01 1.450000000000000000e+02 0.000000000000000000e+00 0.000000000000000000e+00 0.000000000000000000e+00
2.227800000000000000e+04 1.484200000000000000e+04 1.632200000000000000e+04 0.000000000000000000e+00 6.100000000000000000e+01 1.430000000000000000e+02 0.000000000000000000e+00 0.000000000000000000e+00 0.000000000000000000e+00
2.221800000000000000e+04 1.423000000000000000e+04 1.562700000000000000e+04 0.000000000000000000e+00 4.800000000000000000e+01 1.460000000000000000e+02 0.000000000000000000e+00 0.000000000000000000e+00 0.000000000000000000e+00
2.191000000000000000e+04 1.501500000000000000e+04 1.642800000000000000e+04 0.000000000000000000e+00 7.500000000000000000e+01 1.270000000000000000e+02 0.000000000000000000e+00 0.000000000000000000e+00 0.000000000000000000e+00
2.233800000000000000e+04 1.471600000000000000e+04 1.629800000000000000e+04 0.000000000000000000e+00 5.800000000000000000e+01 1.240000000000000000e+02 0.000000000000000000e+00 0.000000000000000000e+00 0.000000000000000000e+00
2.216700000000000000e+04 1.475200000000000000e+04 1.631200000000000000e+04 0.000000000000000000e+00 8.000000000000000000e+01 1.160000000000000000e+02 0.000000000000000000e+00 0.000000000000000000e+00 0.000000000000000000e+00
2.212000000000000000e+04 1.484700000000000000e+04 1.644000000000000000e+04 0.000000000000000000e+00 5.100000000000000000e+01 1.460000000000000000e+02 0.000000000000000000e+00 0.000000000000000000e+00 0.000000000000000000e+00
2.254400000000000000e+04 1.489600000000000000e+04 1.639900000000000000e+04 0.000000000000000000e+00 6.200000000000000000e+01 1.360000000000000000e+02 0.000000000000000000e+00 0.000000000000000000e+00 0.000000000000000000e+00
