2.258900000000000000e+04 1.580400000000000000e+04 1.914300000000000000e+04 0.000000000000000000e+00 1.300000000000000000e+02 8.600000000000000000e+01 0.000000000000000000e+00 0.000000000000000000e+00 0.000000000000000000e+00
2.276200000000000000e+04 1.567500000000000000e+04 1.904400000000000000e+04 0.000000000000000000e+00 1.230000000000000000e+02 6.500000000000000000e+01 0.000000000000000000e+00 0.000000000000000000e+00 0.000000000000000000e+00
2.299900000000000000e+04 1.551700000000000000e+04 1.895400000000000000e+04 0.000000000000000000e+00 1.450000000000000000e+02 6.400000000000000000e+01 0.000000000000000000e+00 0.000000000000000000e+00 0.000000000000000000e+00
2.289300000000000000e+04 1.526400000000000000e+04 1.822900000000000000e+04 0.000000000000000000e+00 1.160000000000000000e+02 9.800000000000000000e+01 0.000000000000000000e+00 0.000000000000000000e+00 0.000000000000000000e+00
2.306800000000000000e+04 1.498900000000000000e+04 1.782800000000000000e+04 0.000000000000000000e+00 1.030000000000000000e+02 1.120000000000000000e+02 0.000000000000000000e+00 0.000000000000000000e+00 0.000000000000000000e+00
2.289700000000000000e+04 1.539100000000000000e+04 1.809300000000000000e+04 0.000000000000000000e+00 1.140000000000000000e+02 9.400000000000000000e+01 0.000000000000000000e+00 0.000000000000000000e+00 0.000000000000000000e+00
2.287400000000000000e+04 1.528200000000000000e+04 1.805000000000000000e+04 0.000000000000000000e+00 1.040000000000000000e+02 9.800000000000000000e+01 0.000000000000000000e+00 0.000000000000000000e+00 0.000000000000000000e+00
2.296600000000000000e+04 1.497300000000000000e+04 1.743900000000000000e+04 0.000000000000000000e+00 8.400000000000000000e+01 1.230000000000000000e+02 0.000000000000000000e+00 0.000000000000000000e+00 0.000000000000000000e+00
2.276500000000000000e+04 1.491400000000000000e+04 1.735200000000000000e+04 0.000000000000000000e+00 9.600000000000000000e+01 9.100000000000000000e+01 0.000000000000000000e+00 0.000000000000000000e+00 0.000000000000000000e+00
2.295500000000000000e+04 1.484600000000000000e+04 1.758900000000000000e+04 0.000000000000000000e+00 9.400000000000000000e+01 8.400000000000000000e+01 0.000000000000000000e+00 0.000000000000000000e+00 0.000000000000000000e+00
2.267300000000000000e+04 1.548400000000000000e+04 1.800500000000000000e+04 0.000000000000000000e+00 1.020000000000000000e+02 1.010000000000000000e+02 0.000000000000000000e+00 0.000000000000000000e+00 0.000000000000000000e+00
2.284500000000000000e+04 1.551300000000000000e+04 1.801000000000000000e+04 0.000000000000000000e+00 1.030000000000000000e+02 1.050000000000000000e+02 0.000000000000000000e+00 0.000000000000000000e+00 0.000000000000000000e+00
2.274500000000000000e+04 1.508500000000000000e+04 1.775200000000000000e+04 0.000000000000000000e+00 1.080000000000000000e+02 1.070000000000000000e+02 0.000000000000000000e+00 0.000000000000000000e+00 0.000000000000000000e+00
2.265400000000000000e+04 1.498300000000000000e+04 1.747000000000000000e+04 0.000000000000000000e+00 8.800000000000000000e+01 9.300000000000000000e+01 0.000000000000000000e+00 0.000000000000000000e+00 0.000000000000000000e+00
2.284600000000000000e+04 1.470800000000000000e+04 1.736500000000000000e+04 0.000000000000000000e+00 1.090000000000000000e+02 1.140000000000000000e+02 0.000000000000000000e+00 0.000000000000000000e+00 0.000000000000000000e+00
