2.269700000000000000e+04 1.509600000000000000e+04 1.658100000000000000e+04 0.000000000000000000e+00 5.300000000000000000e+01 1.180000000000000000e+02 0.000000000000000000e+00 0.000000000000000000e+00 0.000000000000000000e+00
2.281700000000000000e+04 1.500100000000000000e+04 1.646400000000000000e+04 0.000000000000000000e+00 5.300000000000000000e+01 1.420000000000000000e+02 0.000000000000000000e+00 0.000000000000000000e+00 0.000000000000000000e+00
2.281800000000000000e+04 1.500100000000000000e+04 1.654900000000000000e+04 0.000000000000000000e+00 5.300000000000000000e+01 1.220000000000000000e+02 0.000000000000000000e+00 0.000000000000000000e+00 0.000000000000000000e+00
2.280000000000000000e+04 1.479900000000000000e+04 1.650500000000000000e+04 0.000000000000000000e+00 4.300000000000000000e+01 1.290000000000000000e+02 0.000000000000000000e+00 0.000000000000000000e+00 0.000000000000000000e+00
2.242600000000000000e+04 1.482500000000000000e+04 1.676700000000000000e+04 0.000000000000000000e+00 6.400000000000000000e+01 1.260000000000000000e+02 0.000000000000000000e+00 0.000000000000000000e+00 0.000000000000000000e+00
2.236200000000000000e+04 1.554900000000000000e+04 1.722500000000000000e+04 0.000000000000000000e+00 6.600000000000000000e+01 1.400000000000000000e+02 0.000000000000000000e+00 0.000000000000000000e+00 0.000000000000000000e+00
2.269200000000000000e+04 1.519800000000000000e+04 1.733200000000000000e+04 0.000000000000000000e+00 6.700000000000000000e+01 1.230000000000000000e+02 0.000000000000000000e+00 0.000000000000000000e+00 0.000000000000000000e+00
2.274000000000000000e+04 1.552900000000000000e+04 1.701400000000000000e+04 0.000000000000000000e+00 4.600000000000000000e+01 1.360000000000000000e+02 0.000000000000000000e+00 0.000000000000000000e+00 0.000000000000000000e+00
2.252600000000000000e+04 1.548000000000000000e+04 1.709400000000000000e+04 0.000000000000000000e+00 4.400000000000000000e+01 1.430000000000000000e+02 0.000000000000000000e+00 0.000000000000000000e+00 0.000000000000000000e+00
2.271400000000000000e+04 1.631200000000000000e+04 1.835600000000000000e+04 0.000000000000000000e+00 6.000000000000000000e+01 1.180000000000000000e+02 0.000000000000000000e+00 0.000000000000000000e+00 0.000000000000000000e+00
2.266100000000000000e+04 1.505100000000000000e+04 1.679600000000000000e+04 0.000000000000000000e+00 3.800000000000000000e+01 1.240000000000000000e+02 0.000000000000000000e+00 0.000000000000000000e+00 1.000000000000000000e+00
2.281100000000000000e+04 1.341200000000000000e+04 1.536600000000000000e+04 0.000000000000000000e+00 8.100000000000000000e+01 1.360000000000000000e+02 0.000000000000000000e+00 0.000000000000000000e+00 0.000000000000000000e+00
2.267900000000000000e+04 1.342000000000000000e+04 1.540700000000000000e+04 0.000000000000000000e+00 6.200000000000000000e+01 1.320000000000000000e+02 0.000000000000000000e+00 0.000000000000000000e+00 0.000000000000000000e+00
2.286800000000000000e+04 1.422600000000000000e+04 1.584600000000000000e+04 0.000000000000000000e+00 6.700000000000000000e+01 1.500000000000000000e+02 0.000000000000000000e+00 0.000000000000000000e+00 0.000000000000000000e+00
2.239600000000000000e+04 1.447800000000000000e+04 1.616400000000000000e+04 0.000000000000000000e+00 5.800000000000000000e+01 1.560000000000000000e+02 0.000000000000000000e+00 0.000000000000000000e+00 0.000000000000000000e+00
