2.265100000000000000e+04 1.632100000000000000e+04 1.874800000000000000e+04 0.000000000000000000e+00 1.230000000000000000e+02 6.200000000000000000e+01 0.000000000000000000e+00 0.000000000000000000e+00 0.000000000000000000e+00
2.269000000000000000e+04 1.606400000000000000e+04 1.879400000000000000e+04 0.000000000000000000e+00 1.230000000000000000e+02 8.900000000000000000e+01 0.000000000000000000e+00 0.000000000000000000e+00 0.000000000000000000e+00
2.225700000000000000e+04 1.559200000000000000e+04 1.859100000000000000e+04 0.000000000000000000e+00 1.000000000000000000e+02 6.000000000000000000e+01 0.000000000000000000e+00 0.000000000000000000e+00 0.000000000000000000e+00
2.269300000000000000e+04 1.529300000000000000e+04 1.839200000000000000e+04 0.000000000000000000e+00 1.040000000000000000e+02 8.500000000000000000e+01 0.000000000000000000e+00 0.000000000000000000e+00 0.000000000000000000e+00
2.296000000000000000e+04 1.543800000000000000e+04 1.806100000000000000e+04 0.000000000000000000e+00 1.300000000000000000e+02 7.400000000000000000e+01 0.000000000000000000e+00 0.000000000000000000e+00 0.000000000000000000e+00
2.272300000000000000e+04 1.630700000000000000e+04 1.890000000000000000e+04 0.000000000000000000e+00 1.310000000000000000e+02 6.800000000000000000e+01 0.000000000000000000e+00 0.000000000000000000e+00 0.000000000000000000e+00
2.252200000000000000e+04 1.724300000000000000e+04 2.039300000000000000e+04 0.000000000000000000e+00 1.150000000000000000e+02 6.200000000000000000e+01 0.000000000000000000e+00 0.000000000000000000e+00 0.000000000000000000e+00
2.272300000000000000e+04 1.682200000000000000e+04 1.971500000000000000e+04 0.000000000000000000e+00 1.270000000000000000e+02 7.600000000000000000e+01 0.000000000000000000e+00 0.000000000000000000e+00 0.000000000000000000e+00
2.247900000000000000e+04 1.680000000000000000e+04 2.001000000000000000e+04 0.000000000000000000e+00 1.250000000000000000e+02 7.500000000000000000e+01 0.000000000000000000e+00 0.000000000000000000e+00 0.000000000000000000e+00
2.272600000000000000e+04 1.700100000000000000e+04 2.018400000000000000e+04 0.000000000000000000e+00 1.070000000000000000e+02 7.700000000000000000e+01 0.000000000000000000e+00 0.000000000000000000e+00 0.000000000000000000e+00
2.267000000000000000e+04 1.598700000000000000e+04 1.881900000000000000e+04 0.000000000000000000e+00 1.200000000000000000e+02 7.400000000000000000e+01 0.000000000000000000e+00 0.000000000000000000e+00 0.000000000000000000e+00
2.284400000000000000e+04 1.576100000000000000e+04 1.863600000000000000e+04 0.000000000000000000e+00 1.300000000000000000e+02 7.100000000000000000e+01 0.000000000000000000e+00 0.000000000000000000e+00 0.000000000000000000e+00
2.270000000000000000e+04 1.569500000000000000e+04 1.851500000000000000e+04 0.000000000000000000e+00 1.430000000000000000e+02 7.300000000000000000e+01 0.000000000000000000e+00 0.000000000000000000e+00 0.000000000000000000e+00
2.255900000000000000e+04 1.652700000000000000e+04 1.942000000000000000e+04 0.000000000000000000e+00 1.310000000000000000e+02 5.900000000000000000e+01 0.000000000000000000e+00 0.000000000000000000e+00 1.000000000000000000e+00
2.273400000000000000e+04 1.620800000000000000e+04 1.901300000000000000e+04 0.000000000000000000e+00 1.250000000000000000e+02 6.600000000000000000e+01 0.000000000000000000e+00 0.000000000000000000e+00 0.000000000000000000e+00
