2.287600000000000000e+04 1.921000000000000000e+04 2.253900000000000000e+04 0.000000000000000000e+00 1.620000000000000000e+02 4.400000000000000000e+01 0.000000000000000000e+00 0.000000000000000000e+00 0.000000000000000000e+00
2.299100000000000000e+04 1.924700000000000000e+04 2.257600000000000000e+04 0.000000000000000000e+00 1.390000000000000000e+02 4.500000000000000000e+01 0.000000000000000000e+00 0.000000000000000000e+00 0.000000000000000000e+00
2.308000000000000000e+04 1.884300000000000000e+04 2.256700000000000000e+04 0.000000000000000000e+00 1.460000000000000000e+02 4.900000000000000000e+01 0.000000000000000000e+00 0.000000000000000000e+00 0.000000000000000000e+00
2.311400000000000000e+04 1.862700000000000000e+04 2.261700000000000000e+04 0.000000000000000000e+00 1.450000000000000000e+02 5.100000000000000000e+01 0.000000000000000000e+00 0.000000000000000000e+00 0.000000000000000000e+00
2.320200000000000000e+04 1.884700000000000000e+04 2.256300000000000000e+04 0.000000000000000000e+00 1.540000000000000000e+02 3.500000000000000000e+01 0.000000000000000000e+00 0.000000000000000000e+00 0.000000000000000000e+00
2.276100000000000000e+04 1.863800000000000000e+04 2.226600000000000000e+04 0.000000000000000000e+00 1.670000000000000000e+02 3.200000000000000000e+01 0.000000000000000000e+00 0.000000000000000000e+00 0.000000000000000000e+00
2.277600000000000000e+04 1.816300000000000000e+04 2.175000000000000000e+04 0.000000000000000000e+00 1.750000000000000000e+02 4.000000000000000000e+01 0.000000000000000000e+00 0.000000000000000000e+00 0.000000000000000000e+00
2.289500000000000000e+04 1.790400000000000000e+04 2.087200000000000000e+04 0.000000000000000000e+00 1.470000000000000000e+02 4.700000000000000000e+01 0.000000000000000000e+00 0.000000000000000000e+00 0.000000000000000000e+00
2.297800000000000000e+04 1.738500000000000000e+04 2.028300000000000000e+04 0.000000000000000000e+00 1.800000000000000000e+02 4.300000000000000000e+01 0.000000000000000000e+00 0.000000000000000000e+00 0.000000000000000000e+00
2.314700000000000000e+04 1.614100000000000000e+04 1.988500000000000000e+04 0.000000000000000000e+00 1.580000000000000000e+02 3.900000000000000000e+01 0.000000000000000000e+00 0.000000000000000000e+00 0.000000000000000000e+00
2.295700000000000000e+04 1.623900000000000000e+04 1.991500000000000000e+04 0.000000000000000000e+00 1.430000000000000000e+02 3.200000000000000000e+01 0.000000000000000000e+00 0.000000000000000000e+00 0.000000000000000000e+00
2.279900000000000000e+04 1.589400000000000000e+04 1.947700000000000000e+04 0.000000000000000000e+00 1.510000000000000000e+02 5.000000000000000000e+01 0.000000000000000000e+00 0.000000000000000000e+00 0.000000000000000000e+00
2.274200000000000000e+04 1.571900000000000000e+04 1.950100000000000000e+04 0.000000000000000000e+00 1.520000000000000000e+02 5.400000000000000000e+01 0.000000000000000000e+00 0.000000000000000000e+00 0.000000000000000000e+00
2.326900000000000000e+04 1.588400000000000000e+04 1.980200000000000000e+04 0.000000000000000000e+00 1.640000000000000000e+02 4.200000000000000000e+01 0.000000000000000000e+00 0.000000000000000000e+00 0.000000000000000000e+00
2.298200000000000000e+04 1.592000000000000000e+04 1.948200000000000000e+04 0.000000000000000000e+00 1.540000000000000000e+02 3.100000000000000000e+01 0.000000000000000000e+00 0.000000000000000000e+00 0.000000000000000000e+00
