2.264600000000000000e+04 1.620300000000000000e+04 1.781800000000000000e+04 0.000000000000000000e+00 6.700000000000000000e+01 1.330000000000000000e+02 0.000000000000000000e+00 0.000000000000000000e+00 0.000000000000000000e+00
2.250200000000000000e+04 1.535200000000000000e+04 1.709600000000000000e+04 0.000000000000000000e+00 7.300000000000000000e+01 1.380000000000000000e+02 0.000000000000000000e+00 0.000000000000000000e+00 0.000000000000000000e+00
2.288300000000000000e+04 1.517400000000000000e+04 1.699800000000000000e+04 0.000000000000000000e+00 8.000000000000000000e+01 1.130000000000000000e+02 0.000000000000000000e+00 0.000000000000000000e+00 0.000000000000000000e+00
2.254700000000000000e+04 1.550700000000000000e+04 1.730600000000000000e+04 0.000000000000000000e+00 5.400000000000000000e+01 1.400000000000000000e+02 0.000000000000000000e+00 0.000000000000000000e+00 1.000000000000000000e+00
2.250500000000000000e+04 1.576900000000000000e+04 1.762100000000000000e+04 0.000000000000000000e+00 6.900000000000000000e+01 1.140000000000000000e+02 0.000000000000000000e+00 0.000000000000000000e+00 0.000000000000000000e+00
2.259700000000000000e+04 1.556400000000000000e+04 1.777000000000000000e+04 0.000000000000000000e+00 7.300000000000000000e+01 1.310000000000000000e+02 0.000000000000000000e+00 0.000000000000000000e+00 0.000000000000000000e+00
2.244300000000000000e+04 1.551400000000000000e+04 1.765900000000000000e+04 0.000000000000000000e+00 7.600000000000000000e+01 1.430000000000000000e+02 0.000000000000000000e+00 0.000000000000000000e+00 0.000000000000000000e+00
2.256500000000000000e+04 1.595100000000000000e+04 1.819400000000000000e+04 0.000000000000000000e+00 6.200000000000000000e+01 1.370000000000000000e+02 0.000000000000000000e+00 0.000000000000000000e+00 0.000000000000000000e+00
2.246700000000000000e+04 1.578900000000000000e+04 1.809400000000000000e+04 0.000000000000000000e+00 5.500000000000000000e+01 1.220000000000000000e+02 0.000000000000000000e+00 0.000000000000000000e+00 0.000000000000000000e+00
2.260800000000000000e+04 1.575500000000000000e+04 1.783900000000000000e+04 0.000000000000000000e+00 7.900000000000000000e+01 1.240000000000000000e+02 0.000000000000000000e+00 0.000000000000000000e+00 0.000000000000000000e+00
2.257700000000000000e+04 1.586200000000000000e+04 1.796800000000000000e+04 0.000000000000000000e+00 6.800000000000000000e+01 1.390000000000000000e+02 0.000000000000000000e+00 0.000000000000000000e+00 0.000000000000000000e+00
2.240500000000000000e+04 1.573500000000000000e+04 1.764800000000000000e+04 0.000000000000000000e+00 9.800000000000000000e+01 1.130000000000000000e+02 0.000000000000000000e+00 0.000000000000000000e+00 0.000000000000000000e+00
2.266600000000000000e+04 1.580400000000000000e+04 1.786800000000000000e+04 0.000000000000000000e+00 7.300000000000000000e+01 1.130000000000000000e+02 0.000000000000000000e+00 0.000000000000000000e+00 0.000000000000000000e+00
2.268500000000000000e+04 1.581100000000000000e+04 1.755600000000000000e+04 0.000000000000000000e+00 7.500000000000000000e+01 1.300000000000000000e+02 0.000000000000000000e+00 0.000000000000000000e+00 0.000000000000000000e+00
2.244000000000000000e+04 1.558100000000000000e+04 1.776500000000000000e+04 0.000000000000000000e+00 7.000000000000000000e+01 1.200000000000000000e+02 0.000000000000000000e+00 0.000000000000000000e+00 0.000000000000000000e+00
