2.263100000000000000e+04 1.342100000000000000e+04 1.458700000000000000e+04 0.000000000000000000e+00 1.000000000000000000e+01 1.780000000000000000e+02 0.000000000000000000e+00 0.000000000000000000e+00 0.000000000000000000e+00
2.279000000000000000e+04 1.352300000000000000e+04 1.431200000000000000e+04 0.000000000000000000e+00 1.200000000000000000e+01 1.750000000000000000e+02 0.000000000000000000e+00 0.000000000000000000e+00 0.000000000000000000e+00
2.259200000000000000e+04 1.404200000000000000e+04 1.506000000000000000e+04 0.000000000000000000e+00 1.100000000000000000e+01 2.120000000000000000e+02 0.000000000000000000e+00 0.000000000000000000e+00 0.000000000000000000e+00
2.242000000000000000e+04 1.407200000000000000e+04 1.506800000000000000e+04 0.000000000000000000e+00 9.000000000000000000e+00 1.760000000000000000e+02 0.000000000000000000e+00 0.000000000000000000e+00 0.000000000000000000e+00
2.229200000000000000e+04 1.451100000000000000e+04 1.554600000000000000e+04 0.000000000000000000e+00 3.000000000000000000e+00 1.790000000000000000e+02 0.000000000000000000e+00 0.000000000000000000e+00 0.000000000000000000e+00
2.261000000000000000e+04 1.352600000000000000e+04 1.460300000000000000e+04 0.000000000000000000e+00 1.000000000000000000e+01 2.130000000000000000e+02 0.000000000000000000e+00 0.000000000000000000e+00 0.000000000000000000e+00
2.244700000000000000e+04 1.386600000000000000e+04 1.448800000000000000e+04 0.000000000000000000e+00 5.000000000000000000e+00 1.630000000000000000e+02 0.000000000000000000e+00 0.000000000000000000e+00 0.000000000000000000e+00
2.229800000000000000e+04 1.388400000000000000e+04 1.465500000000000000e+04 0.000000000000000000e+00 1.100000000000000000e+01 1.860000000000000000e+02 0.000000000000000000e+00 0.000000000000000000e+00 0.000000000000000000e+00
2.242400000000000000e+04 1.389700000000000000e+04 1.454000000000000000e+04 0.000000000000000000e+00 1.100000000000000000e+01 1.680000000000000000e+02 0.000000000000000000e+00 0.000000000000000000e+00 0.000000000000000000e+00
2.243000000000000000e+04 1.379500000000000000e+04 1.476300000000000000e+04 0.000000000000000000e+00 7.000000000000000000e+00 1.810000000000000000e+02 0.000000000000000000e+00 0.000000000000000000e+00 0.000000000000000000e+00
2.257600000000000000e+04 1.397100000000000000e+04 1.476100000000000000e+04 0.000000000000000000e+00 7.000000000000000000e+00 1.850000000000000000e+02 0.000000000000000000e+00 0.000000000000000000e+00 0.000000000000000000e+00
2.249100000000000000e+04 1.378600000000000000e+04 1.464200000000000000e+04 0.000000000000000000e+00 1.200000000000000000e+01 1.810000000000000000e+02 0.000000000000000000e+00 0.000000000000000000e+00 0.000000000000000000e+00
2.267600000000000000e+04 1.354700000000000000e+04 1.472600000000000000e+04 0.000000000000000000e+00 1.000000000000000000e+01 1.830000000000000000e+02 0.000000000000000000e+00 0.000000000000000000e+00 0.000000000000000000e+00
2.273100000000000000e+04 1.388600000000000000e+04 1.480600000000000000e+04 0.000000000000000000e+00 1.500000000000000000e+01 1.830000000000000000e+02 0.000000000000000000e+00 0.000000000000000000e+00 0.000000000000000000e+00
2.237800000000000000e+04 1.369800000000000000e+04 1.464600000000000000e+04 0.000000000000000000e+00 4.000000000000000000e+00 1.930000000000000000e+02 0.000000000000000000e+00 0.000000000000000000e+00 0.000000000000000000e+00
