2.311800000000000000e+04 1.601600000000000000e+04 1.886500000000000000e+04 0.000000000000000000e+00 1.110000000000000000e+02 7.300000000000000000e+01 0.000000000000000000e+00 0.000000000000000000e+00 0.000000000000000000e+00
2.294100000000000000e+04 1.640300000000000000e+04 1.920700000000000000e+04 0.000000000000000000e+00 8.700000000000000000e+01 8.300000000000000000e+01 0.000000000000000000e+00 0.000000000000000000e+00 0.000000000000000000e+00
2.305000000000000000e+04 1.620500000000000000e+04 1.904100000000000000e+04 0.000000000000000000e+00 1.110000000000000000e+02 8.300000000000000000e+01 0.000000000000000000e+00 0.000000000000000000e+00 0.000000000000000000e+00
2.292500000000000000e+04 1.485600000000000000e+04 1.810700000000000000e+04 0.000000000000000000e+00 8.500000000000000000e+01 1.040000000000000000e+02 0.000000000000000000e+00 0.000000000000000000e+00 0.000000000000000000e+00
2.271800000000000000e+04 1.551600000000000000e+04 1.834200000000000000e+04 0.000000000000000000e+00 1.130000000000000000e+02 8.300000000000000000e+01 0.000000000000000000e+00 0.000000000000000000e+00 0.000000000000000000e+00
2.311800000000000000e+04 1.569000000000000000e+04 1.861400000000000000e+04 0.000000000000000000e+00 9.000000000000000000e+01 8.100000000000000000e+01 0.000000000000000000e+00 0.000000000000000000e+00 0.000000000000000000e+00
2.295800000000000000e+04 1.536700000000000000e+04 1.807300000000000000e+04 0.000000000000000000e+00 1.100000000000000000e+02 8.600000000000000000e+01 0.000000000000000000e+00 0.000000000000000000e+00 0.000000000000000000e+00
2.304100000000000000e+04 1.531900000000000000e+04 1.837900000000000000e+04 0.000000000000000000e+00 1.350000000000000000e+02 8.200000000000000000e+01 0.000000000000000000e+00 0.000000000000000000e+00 0.000000000000000000e+00
2.328000000000000000e+04 1.574600000000000000e+04 1.845600000000000000e+04 0.000000000000000000e+00 9.900000000000000000e+01 8.500000000000000000e+01 0.000000000000000000e+00 0.000000000000000000e+00 0.000000000000000000e+00
2.312800000000000000e+04 1.544700000000000000e+04 1.847900000000000000e+04 0.000000000000000000e+00 1.190000000000000000e+02 1.030000000000000000e+02 0.000000000000000000e+00 0.000000000000000000e+00 0.000000000000000000e+00
2.295100000000000000e+04 1.497300000000000000e+04 1.800400000000000000e+04 0.000000000000000000e+00 1.060000000000000000e+02 9.000000000000000000e+01 0.000000000000000000e+00 0.000000000000000000e+00 0.000000000000000000e+00
2.318300000000000000e+04 1.547700000000000000e+04 1.831800000000000000e+04 0.000000000000000000e+00 1.040000000000000000e+02 7.300000000000000000e+01 0.000000000000000000e+00 0.000000000000000000e+00 1.000000000000000000e+00
2.294900000000000000e+04 1.511200000000000000e+04 1.794700000000000000e+04 0.000000000000000000e+00 7.700000000000000000e+01 6.200000000000000000e+01 0.000000000000000000e+00 0.000000000000000000e+00 0.000000000000000000e+00
2.304700000000000000e+04 1.629200000000000000e+04 1.952900000000000000e+04 0.000000000000000000e+00 9.100000000000000000e+01 8.700000000000000000e+01 0.000000000000000000e+00 0.000000000000000000e+00 0.000000000000000000e+00
2.318300000000000000e+04 1.605900000000000000e+04 1.864300000000000000e+04 0.000000000000000000e+00 9.600000000000000000e+01 9.500000000000000000e+01 0.000000000000000000e+00 0.000000000000000000e+00 0.000000000000000000e+00
