2.298500000000000000e+04 1.606500000000000000e+04 1.750900000000000000e+04 0.000000000000000000e+00 4.900000000000000000e+01 1.330000000000000000e+02 0.000000000000000000e+00 0.000000000000000000e+00 0.000000000000000000e+00
2.278700000000000000e+04 1.583900000000000000e+04 1.751000000000000000e+04 0.000000000000000000e+00 4.300000000000000000e+01 1.360000000000000000e+02 0.000000000000000000e+00 0.000000000000000000e+00 0.000000000000000000e+00
2.280900000000000000e+04 1.602500000000000000e+04 1.761100000000000000e+04 0.000000000000000000e+00 4.600000000000000000e+01 1.380000000000000000e+02 0.000000000000000000e+00 0.000000000000000000e+00 0.000000000000000000e+00
2.269500000000000000e+04 1.590000000000000000e+04 1.753800000000000000e+04 0.000000000000000000e+00 4.100000000000000000e+01 1.540000000000000000e+02 0.000000000000000000e+00 0.000000000000000000e+00 0.000000000000000000e+00
2.295600000000000000e+04 1.602200000000000000e+04 1.732800000000000000e+04 0.000000000000000000e+00 5.500000000000000000e+01 1.400000000000000000e+02 0.000000000000000000e+00 0.000000000000000000e+00 0.000000000000000000e+00
2.285500000000000000e+04 1.573900000000000000e+04 1.759500000000000000e+04 0.000000000000000000e+00 4.300000000000000000e+01 1.350000000000000000e+02 0.000000000000000000e+00 0.000000000000000000e+00 0.000000000000000000e+00
2.264200000000000000e+04 1.573200000000000000e+04 1.736000000000000000e+04 0.000000000000000000e+00 5.800000000000000000e+01 1.710000000000000000e+02 0.000000000000000000e+00 0.000000000000000000e+00 0.000000000000000000e+00
2.272800000000000000e+04 1.601000000000000000e+04 1.711500000000000000e+04 0.000000000000000000e+00 4.400000000000000000e+01 1.590000000000000000e+02 0.000000000000000000e+00 0.000000000000000000e+00 0.000000000000000000e+00
2.317600000000000000e+04 1.567700000000000000e+04 1.721100000000000000e+04 0.000000000000000000e+00 5.700000000000000000e+01 1.490000000000000000e+02 0.000000000000000000e+00 0.000000000000000000e+00 0.000000000000000000e+00
2.294600000000000000e+04 1.587300000000000000e+04 1.723600000000000000e+04 0.000000000000000000e+00 4.600000000000000000e+01 1.490000000000000000e+02 0.000000000000000000e+00 0.000000000000000000e+00 0.000000000000000000e+00
2.302100000000000000e+04 1.583200000000000000e+04 1.703500000000000000e+04 0.000000000000000000e+00 3.400000000000000000e+01 1.500000000000000000e+02 0.000000000000000000e+00 0.000000000000000000e+00 0.000000000000000000e+00
2.261800000000000000e+04 1.568900000000000000e+04 1.726600000000000000e+04 0.000000000000000000e+00 4.800000000000000000e+01 1.190000000000000000e+02 0.000000000000000000e+00 0.000000000000000000e+00 0.000000000000000000e+00
2.298600000000000000e+04 1.550800000000000000e+04 1.707900000000000000e+04 0.000000000000000000e+00 3.800000000000000000e+01 1.660000000000000000e+02 0.000000000000000000e+00 0.000000000000000000e+00 0.000000000000000000e+00
2.298000000000000000e+04 1.572300000000000000e+04 1.712900000000000000e+04 0.000000000000000000e+00 5.200000000000000000e+01 1.490000000000000000e+02 0.000000000000000000e+00 0.000000000000000000e+00 0.000000000000000000e+00
2.282600000000000000e+04 1.518000000000000000e+04 1.679000000000000000e+04 0.000000000000000000e+00 5.100000000000000000e+01 1.280000000000000000e+02 0.000000000000000000e+00 0.000000000000000000e+00 0.000000000000000000e+00
