2.226500000000000000e+04 1.499700000000000000e+04 1.712200000000000000e+04 0.000000000000000000e+00 1.060000000000000000e+02 1.170000000000000000e+02 0.000000000000000000e+00 0.000000000000000000e+00 0.000000000000000000e+00
2.238900000000000000e+04 1.488800000000000000e+04 1.728700000000000000e+04 0.000000000000000000e+00 1.060000000000000000e+02 9.100000000000000000e+01 0.000000000000000000e+00 0.000000000000000000e+00 0.000000000000000000e+00
2.225300000000000000e+04 1.513000000000000000e+04 1.725300000000000000e+04 0.000000000000000000e+00 8.400000000000000000e+01 1.230000000000000000e+02 0.000000000000000000e+00 0.000000000000000000e+00 0.000000000000000000e+00
2.247300000000000000e+04 1.504200000000000000e+04 1.716600000000000000e+04 0.000000000000000000e+00 7.700000000000000000e+01 1.130000000000000000e+02 0.000000000000000000e+00 0.000000000000000000e+00 0.000000000000000000e+00
2.234900000000000000e+04 1.505100000000000000e+04 1.770900000000000000e+04 0.000000000000000000e+00 9.100000000000000000e+01 1.320000000000000000e+02 0.000000000000000000e+00 0.000000000000000000e+00 0.000000000000000000e+00
2.235100000000000000e+04 1.509400000000000000e+04 1.722600000000000000e+04 0.000000000000000000e+00 8.500000000000000000e+01 1.070000000000000000e+02 0.000000000000000000e+00 0.000000000000000000e+00 0.000000000000000000e+00
2.256900000000000000e+04 1.542300000000000000e+04 1.728000000000000000e+04 0.000000000000000000e+00 7.600000000000000000e+01 1.280000000000000000e+02 0.000000000000000000e+00 0.000000000000000000e+00 0.000000000000000000e+00
2.267200000000000000e+04 1.522900000000000000e+04 1.762800000000000000e+04 0.000000000000000000e+00 1.010000000000000000e+02 9.200000000000000000e+01 0.000000000000000000e+00 0.000000000000000000e+00 0.000000000000000000e+00
2.276100000000000000e+04 1.536700000000000000e+04 1.785900000000000000e+04 0.000000000000000000e+00 9.200000000000000000e+01 1.280000000000000000e+02 0.000000000000000000e+00 0.000000000000000000e+00 0.000000000000000000e+00
2.241100000000000000e+04 1.547800000000000000e+04 1.800000000000000000e+04 0.000000000000000000e+00 1.080000000000000000e+02 1.250000000000000000e+02 0.000000000000000000e+00 0.000000000000000000e+00 0.000000000000000000e+00
2.242100000000000000e+04 1.569600000000000000e+04 1.777500000000000000e+04 0.000000000000000000e+00 9.700000000000000000e+01 1.090000000000000000e+02 0.000000000000000000e+00 0.000000000000000000e+00 0.000000000000000000e+00
2.249900000000000000e+04 1.522100000000000000e+04 1.733500000000000000e+04 0.000000000000000000e+00 7.700000000000000000e+01 1.070000000000000000e+02 0.000000000000000000e+00 0.000000000000000000e+00 0.000000000000000000e+00
2.228500000000000000e+04 1.510900000000000000e+04 1.732200000000000000e+04 0.000000000000000000e+00 8.800000000000000000e+01 1.070000000000000000e+02 0.000000000000000000e+00 0.000000000000000000e+00 0.000000000000000000e+00
2.253200000000000000e+04 1.515400000000000000e+04 1.732300000000000000e+04 0.000000000000000000e+00 9.300000000000000000e+01 1.190000000000000000e+02 0.000000000000000000e+00 0.000000000000000000e+00 0.000000000000000000e+00
2.252400000000000000e+04 1.507300000000000000e+04 1.717500000000000000e+04 0.000000000000000000e+00 8.800000000000000000e+01 1.160000000000000000e+02 0.000000000000000000e+00 0.000000000000000000e+00 0.000000000000000000e+00
