2.250000000000000000e+04 1.456100000000000000e+04 1.508300000000000000e+04 0.000000000000000000e+00 3.000000000000000000e+01 1.930000000000000000e+02 0.000000000000000000e+00 0.000000000000000000e+00 0.000000000000000000e+00
2.232700000000000000e+04 1.436000000000000000e+04 1.534900000000000000e+04 0.000000000000000000e+00 3.300000000000000000e+01 1.860000000000000000e+02 0.000000000000000000e+00 0.000000000000000000e+00 0.000000000000000000e+00
2.249500000000000000e+04 1.453600000000000000e+04 1.518500000000000000e+04 0.000000000000000000e+00 2.600000000000000000e+01 2.040000000000000000e+02 0.000000000000000000e+00 0.000000000000000000e+00 0.000000000000000000e+00
2.237700000000000000e+04 1.437000000000000000e+04 1.504400000000000000e+04 0.000000000000000000e+00 2.100000000000000000e+01 1.900000000000000000e+02 0.000000000000000000e+00 0.000000000000000000e+00 0.000000000000000000e+00
2.226000000000000000e+04 1.429400000000000000e+04 1.506700000000000000e+04 0.000000000000000000e+00 2.900000000000000000e+01 1.960000000000000000e+02 0.000000000000000000e+00 0.000000000000000000e+00 0.000000000000000000e+00
2.242000000000000000e+04 1.418100000000000000e+04 1.503700000000000000e+04 0.000000000000000000e+00 2.900000000000000000e+01 1.820000000000000000e+02 0.000000000000000000e+00 0.000000000000000000e+00 0.000000000000000000e+00
2.246400000000000000e+04 1.412100000000000000e+04 1.520800000000000000e+04 0.000000000000000000e+00 2.500000000000000000e+01 1.530000000000000000e+02 0.000000000000000000e+00 0.000000000000000000e+00 0.000000000000000000e+00
2.221800000000000000e+04 1.416300000000000000e+04 1.523300000000000000e+04 0.000000000000000000e+00 2.100000000000000000e+01 1.980000000000000000e+02 0.000000000000000000e+00 0.000000000000000000e+00 0.000000000000000000e+00
2.222700000000000000e+04 1.388700000000000000e+04 1.480500000000000000e+04 0.000000000000000000e+00 2.400000000000000000e+01 1.860000000000000000e+02 0.000000000000000000e+00 0.000000000000000000e+00 0.000000000000000000e+00
2.210900000000000000e+04 1.416800000000000000e+04 1.502400000000000000e+04 0.000000000000000000e+00 1.700000000000000000e+01 1.780000000000000000e+02 0.000000000000000000e+00 0.000000000000000000e+00 0.000000000000000000e+00
2.248200000000000000e+04 1.470200000000000000e+04 1.546000000000000000e+04 0.000000000000000000e+00 1.800000000000000000e+01 1.900000000000000000e+02 0.000000000000000000e+00 0.000000000000000000e+00 0.000000000000000000e+00
2.253500000000000000e+04 1.434700000000000000e+04 1.544300000000000000e+04 0.000000000000000000e+00 2.100000000000000000e+01 1.960000000000000000e+02 0.000000000000000000e+00 0.000000000000000000e+00 0.000000000000000000e+00
2.230300000000000000e+04 1.423000000000000000e+04 1.526600000000000000e+04 0.000000000000000000e+00 2.400000000000000000e+01 1.890000000000000000e+02 0.000000000000000000e+00 0.000000000000000000e+00 0.000000000000000000e+00
2.232700000000000000e+04 1.437600000000000000e+04 1.521500000000000000e+04 0.000000000000000000e+00 2.400000000000000000e+01 1.910000000000000000e+02 0.000000000000000000e+00 0.000000000000000000e+00 0.000000000000000000e+00
2.220500000000000000e+04 1.448500000000000000e+04 1.508800000000000000e+04 0.000000000000000000e+00 2.300000000000000000e+01 1.950000000000000000e+02 0.000000000000000000e+00 0.000000000000000000e+00 0.000000000000000000e+00
