2.308300000000000000e+04 1.879200000000000000e+04 2.325800000000000000e+04 0.000000000000000000e+00 1.500000000000000000e+02 2.800000000000000000e+01 0.000000000000000000e+00 0.000000000000000000e+00 1.000000000000000000e+00
2.288900000000000000e+04 1.872000000000000000e+04 2.343700000000000000e+04 0.000000000000000000e+00 1.800000000000000000e+02 1.400000000000000000e+01 0.000000000000000000e+00 0.000000000000000000e+00 0.000000000000000000e+00
2.326000000000000000e+04 1.868400000000000000e+04 2.328800000000000000e+04 0.000000000000000000e+00 1.880000000000000000e+02 1.700000000000000000e+01 0.000000000000000000e+00 0.000000000000000000e+00 0.000000000000000000e+00
2.314900000000000000e+04 1.836500000000000000e+04 2.334200000000000000e+04 0.000000000000000000e+00 1.870000000000000000e+02 1.800000000000000000e+01 0.000000000000000000e+00 0.000000000000000000e+00 0.000000000000000000e+00
2.309400000000000000e+04 1.818200000000000000e+04 2.229400000000000000e+04 0.000000000000000000e+00 1.730000000000000000e+02 1.800000000000000000e+01 0.000000000000000000e+00 0.000000000000000000e+00 0.000000000000000000e+00
2.285000000000000000e+04 1.687800000000000000e+04 2.147100000000000000e+04 0.000000000000000000e+00 1.570000000000000000e+02 2.500000000000000000e+01 0.000000000000000000e+00 0.000000000000000000e+00 0.000000000000000000e+00
2.315500000000000000e+04 1.716600000000000000e+04 2.118000000000000000e+04 0.000000000000000000e+00 1.620000000000000000e+02 1.600000000000000000e+01 0.000000000000000000e+00 0.000000000000000000e+00 0.000000000000000000e+00
2.327200000000000000e+04 1.694900000000000000e+04 2.135700000000000000e+04 0.000000000000000000e+00 1.750000000000000000e+02 1.400000000000000000e+01 0.000000000000000000e+00 0.000000000000000000e+00 0.000000000000000000e+00
2.284000000000000000e+04 1.684200000000000000e+04 2.119400000000000000e+04 0.000000000000000000e+00 1.570000000000000000e+02 1.200000000000000000e+01 0.000000000000000000e+00 0.000000000000000000e+00 0.000000000000000000e+00
2.317500000000000000e+04 1.673000000000000000e+04 2.125500000000000000e+04 0.000000000000000000e+00 1.590000000000000000e+02 1.000000000000000000e+01 0.000000000000000000e+00 0.000000000000000000e+00 0.000000000000000000e+00
2.286200000000000000e+04 1.744400000000000000e+04 2.169500000000000000e+04 0.000000000000000000e+00 1.620000000000000000e+02 2.200000000000000000e+01 0.000000000000000000e+00 0.000000000000000000e+00 0.000000000000000000e+00
2.297200000000000000e+04 1.741200000000000000e+04 2.177800000000000000e+04 0.000000000000000000e+00 1.530000000000000000e+02 1.100000000000000000e+01 0.000000000000000000e+00 0.000000000000000000e+00 0.000000000000000000e+00
2.291400000000000000e+04 1.704300000000000000e+04 2.114300000000000000e+04 0.000000000000000000e+00 1.780000000000000000e+02 1.100000000000000000e+01 0.000000000000000000e+00 0.000000000000000000e+00 0.000000000000000000e+00
2.306700000000000000e+04 1.642500000000000000e+04 2.066600000000000000e+04 0.000000000000000000e+00 1.690000000000000000e+02 1.400000000000000000e+01 0.000000000000000000e+00 0.000000000000000000e+00 0.000000000000000000e+00
2.282000000000000000e+04 1.624100000000000000e+04 2.045700000000000000e+04 0.000000000000000000e+00 1.910000000000000000e+02 1.300000000000000000e+01 0.000000000000000000e+00 0.000000000000000000e+00 0.000000000000000000e+00
