2.244800000000000000e+04 1.438400000000000000e+04 1.503400000000000000e+04 0.000000000000000000e+00 1.000000000000000000e+01 1.940000000000000000e+02 0.000000000000000000e+00 0.000000000000000000e+00 0.000000000000000000e+00
2.215200000000000000e+04 1.403700000000000000e+04 1.493600000000000000e+04 0.000000000000000000e+00 4.000000000000000000e+00 1.740000000000000000e+02 0.000000000000000000e+00 0.000000000000000000e+00 0.000000000000000000e+00
2.233900000000000000e+04 1.425000000000000000e+04 1.477400000000000000e+04 0.000000000000000000e+00 6.000000000000000000e+00 1.890000000000000000e+02 0.000000000000000000e+00 0.000000000000000000e+00 0.000000000000000000e+00
2.228300000000000000e+04 1.429700000000000000e+04 1.480000000000000000e+04 0.000000000000000000e+00 4.000000000000000000e+00 1.740000000000000000e+02 0.000000000000000000e+00 0.000000000000000000e+00 0.000000000000000000e+00
2.244100000000000000e+04 1.410300000000000000e+04 1.474500000000000000e+04 0.000000000000000000e+00 8.000000000000000000e+00 1.830000000000000000e+02 0.000000000000000000e+00 0.000000000000000000e+00 0.000000000000000000e+00
2.227800000000000000e+04 1.448200000000000000e+04 1.455300000000000000e+04 0.000000000000000000e+00 6.000000000000000000e+00 1.720000000000000000e+02 0.000000000000000000e+00 0.000000000000000000e+00 0.000000000000000000e+00
2.197800000000000000e+04 1.419400000000000000e+04 1.469500000000000000e+04 0.000000000000000000e+00 8.000000000000000000e+00 1.990000000000000000e+02 0.000000000000000000e+00 0.000000000000000000e+00 0.000000000000000000e+00
2.222900000000000000e+04 1.396200000000000000e+04 1.428600000000000000e+04 0.000000000000000000e+00 5.000000000000000000e+00 1.810000000000000000e+02 0.000000000000000000e+00 0.000000000000000000e+00 0.000000000000000000e+00
2.242600000000000000e+04 1.352900000000000000e+04 1.399000000000000000e+04 0.000000000000000000e+00 9.000000000000000000e+00 1.850000000000000000e+02 0.000000000000000000e+00 0.000000000000000000e+00 0.000000000000000000e+00
2.256400000000000000e+04 1.355900000000000000e+04 1.409400000000000000e+04 0.000000000000000000e+00 5.000000000000000000e+00 1.990000000000000000e+02 0.000000000000000000e+00 0.000000000000000000e+00 0.000000000000000000e+00
2.243800000000000000e+04 1.335500000000000000e+04 1.399800000000000000e+04 0.000000000000000000e+00 5.000000000000000000e+00 1.690000000000000000e+02 0.000000000000000000e+00 0.000000000000000000e+00 0.000000000000000000e+00
2.243600000000000000e+04 1.324500000000000000e+04 1.392400000000000000e+04 0.000000000000000000e+00 5.000000000000000000e+00 1.960000000000000000e+02 0.000000000000000000e+00 0.000000000000000000e+00 0.000000000000000000e+00
2.227000000000000000e+04 1.317100000000000000e+04 1.380200000000000000e+04 0.000000000000000000e+00 7.000000000000000000e+00 1.750000000000000000e+02 0.000000000000000000e+00 0.000000000000000000e+00 0.000000000000000000e+00
2.235900000000000000e+04 1.339500000000000000e+04 1.396500000000000000e+04 0.000000000000000000e+00 6.000000000000000000e+00 1.800000000000000000e+02 0.000000000000000000e+00 0.000000000000000000e+00 0.000000000000000000e+00
2.216800000000000000e+04 1.363700000000000000e+04 1.424100000000000000e+04 0.000000000000000000e+00 5.000000000000000000e+00 1.800000000000000000e+02 0.000000000000000000e+00 0.000000000000000000e+00 0.000000000000000000e+00
