2.271500000000000000e+04 1.758100000000000000e+04 1.983500000000000000e+04 0.000000000000000000e+00 1.350000000000000000e+02 6.800000000000000000e+01 0.000000000000000000e+00 0.000000000000000000e+00 0.000000000000000000e+00
2.276700000000000000e+04 1.865000000000000000e+04 2.244000000000000000e+04 0.000000000000000000e+00 1.530000000000000000e+02 6.100000000000000000e+01 0.000000000000000000e+00 0.000000000000000000e+00 0.000000000000000000e+00
2.281900000000000000e+04 1.873000000000000000e+04 2.196000000000000000e+04 0.000000000000000000e+00 1.430000000000000000e+02 6.600000000000000000e+01 0.000000000000000000e+00 0.000000000000000000e+00 0.000000000000000000e+00
2.297000000000000000e+04 1.862600000000000000e+04 2.214300000000000000e+04 0.000000000000000000e+00 1.330000000000000000e+02 7.600000000000000000e+01 0.000000000000000000e+00 0.000000000000000000e+00 0.000000000000000000e+00
2.265400000000000000e+04 1.826800000000000000e+04 2.196200000000000000e+04 0.000000000000000000e+00 1.300000000000000000e+02 6.100000000000000000e+01 0.000000000000000000e+00 0.000000000000000000e+00 0.000000000000000000e+00
2.521400000000000000e+04 1.747200000000000000e+04 2.079900000000000000e+04 0.000000000000000000e+00 1.360000000000000000e+02 6.700000000000000000e+01 0.000000000000000000e+00 0.000000000000000000e+00 0.000000000000000000e+00
2.320500000000000000e+04 1.728800000000000000e+04 2.052300000000000000e+04 0.000000000000000000e+00 1.140000000000000000e+02 6.900000000000000000e+01 0.000000000000000000e+00 0.000000000000000000e+00 0.000000000000000000e+00
2.299800000000000000e+04 1.737600000000000000e+04 2.092100000000000000e+04 0.000000000000000000e+00 1.290000000000000000e+02 8.400000000000000000e+01 0.000000000000000000e+00 0.000000000000000000e+00 0.000000000000000000e+00
2.281800000000000000e+04 1.753700000000000000e+04 2.110000000000000000e+04 0.000000000000000000e+00 1.400000000000000000e+02 7.900000000000000000e+01 0.000000000000000000e+00 0.000000000000000000e+00 0.000000000000000000e+00
2.284400000000000000e+04 1.671600000000000000e+04 1.990600000000000000e+04 0.000000000000000000e+00 1.210000000000000000e+02 6.700000000000000000e+01 0.000000000000000000e+00 0.000000000000000000e+00 0.000000000000000000e+00
2.295100000000000000e+04 1.568300000000000000e+04 1.877400000000000000e+04 0.000000000000000000e+00 1.370000000000000000e+02 7.200000000000000000e+01 0.000000000000000000e+00 0.000000000000000000e+00 0.000000000000000000e+00
2.293300000000000000e+04 1.559500000000000000e+04 1.856500000000000000e+04 0.000000000000000000e+00 1.440000000000000000e+02 7.200000000000000000e+01 0.000000000000000000e+00 0.000000000000000000e+00 0.000000000000000000e+00
2.313100000000000000e+04 1.621800000000000000e+04 1.971200000000000000e+04 0.000000000000000000e+00 1.130000000000000000e+02 5.900000000000000000e+01 0.000000000000000000e+00 0.000000000000000000e+00 0.000000000000000000e+00
2.292600000000000000e+04 1.614400000000000000e+04 1.901200000000000000e+04 0.000000000000000000e+00 1.190000000000000000e+02 8.400000000000000000e+01 0.000000000000000000e+00 0.000000000000000000e+00 0.000000000000000000e+00
2.293100000000000000e+04 1.659600000000000000e+04 1.968600000000000000e+04 0.000000000000000000e+00 1.290000000000000000e+02 7.200000000000000000e+01 0.000000000000000000e+00 0.000000000000000000e+00 0.000000000000000000e+00
