2.325700000000000000e+04 1.713800000000000000e+04 2.130400000000000000e+04 0.000000000000000000e+00 1.560000000000000000e+02 3.000000000000000000e+01 0.000000000000000000e+00 0.000000000000000000e+00 0.000000000000000000e+00
2.286000000000000000e+04 1.739500000000000000e+04 2.107400000000000000e+04 0.000000000000000000e+00 1.470000000000000000e+02 2.200000000000000000e+01 0.000000000000000000e+00 0.000000000000000000e+00 0.000000000000000000e+00
2.312500000000000000e+04 1.693100000000000000e+04 2.107800000000000000e+04 0.000000000000000000e+00 1.610000000000000000e+02 2.700000000000000000e+01 0.000000000000000000e+00 0.000000000000000000e+00 0.000000000000000000e+00
2.315500000000000000e+04 1.732000000000000000e+04 2.125800000000000000e+04 0.000000000000000000e+00 1.610000000000000000e+02 2.700000000000000000e+01 0.000000000000000000e+00 0.000000000000000000e+00 0.000000000000000000e+00
2.335600000000000000e+04 1.614100000000000000e+04 1.995500000000000000e+04 0.000000000000000000e+00 1.680000000000000000e+02 2.900000000000000000e+01 0.000000000000000000e+00 0.000000000000000000e+00 0.000000000000000000e+00
2.304000000000000000e+04 1.690600000000000000e+04 2.070900000000000000e+04 0.000000000000000000e+00 1.660000000000000000e+02 2.900000000000000000e+01 0.000000000000000000e+00 0.000000000000000000e+00 0.000000000000000000e+00
2.314400000000000000e+04 1.647500000000000000e+04 2.030700000000000000e+04 0.000000000000000000e+00 1.680000000000000000e+02 3.800000000000000000e+01 0.000000000000000000e+00 0.000000000000000000e+00 0.000000000000000000e+00
2.331800000000000000e+04 1.651700000000000000e+04 2.003800000000000000e+04 0.000000000000000000e+00 1.740000000000000000e+02 3.100000000000000000e+01 0.000000000000000000e+00 0.000000000000000000e+00 0.000000000000000000e+00
2.320800000000000000e+04 1.644500000000000000e+04 2.019600000000000000e+04 0.000000000000000000e+00 1.600000000000000000e+02 3.400000000000000000e+01 0.000000000000000000e+00 0.000000000000000000e+00 0.000000000000000000e+00
2.318200000000000000e+04 1.668200000000000000e+04 2.060300000000000000e+04 0.000000000000000000e+00 1.700000000000000000e+02 3.700000000000000000e+01 0.000000000000000000e+00 0.000000000000000000e+00 0.000000000000000000e+00
2.322900000000000000e+04 1.644500000000000000e+04 2.073200000000000000e+04 0.000000000000000000e+00 1.600000000000000000e+02 2.600000000000000000e+01 0.000000000000000000e+00 0.000000000000000000e+00 0.000000000000000000e+00
2.319000000000000000e+04 1.628100000000000000e+04 2.014200000000000000e+04 0.000000000000000000e+00 1.560000000000000000e+02 2.800000000000000000e+01 0.000000000000000000e+00 0.000000000000000000e+00 0.000000000000000000e+00
2.305600000000000000e+04 1.620200000000000000e+04 2.032200000000000000e+04 0.000000000000000000e+00 1.680000000000000000e+02 3.700000000000000000e+01 0.000000000000000000e+00 0.000000000000000000e+00 0.000000000000000000e+00
2.306500000000000000e+04 1.634200000000000000e+04 2.007600000000000000e+04 0.000000000000000000e+00 1.500000000000000000e+02 3.100000000000000000e+01 0.000000000000000000e+00 0.000000000000000000e+00 0.000000000000000000e+00
2.313300000000000000e+04 1.616700000000000000e+04 2.018400000000000000e+04 0.000000000000000000e+00 1.720000000000000000e+02 3.000000000000000000e+01 0.000000000000000000e+00 0.000000000000000000e+00 0.000000000000000000e+00
